0.0	0.0	1.0800659429483663	0.0	0.0
0.047127020425088234	0.08819888857493226	1.0800659429483663	0.0	0.1
0.09425404085017647	0.17639777714986452	1.0800659429483663	0.0	0.2
0.14138106127526473	0.2645966657247968	1.0800659429483663	0.0	0.30000000000000004
0.18850808170035294	0.35279555429972903	1.0800659429483663	0.0	0.4
0.23563510212544117	0.4409944428746613	1.0800659429483663	0.0	0.5
0.28276212255052946	0.5291933314495936	1.0800659429483663	0.0	0.6000000000000001
0.32988914297561767	0.6173922200245259	1.0800659429483663	0.0	0.7000000000000001
0.3770161634007059	0.7055911085994581	1.0800659429483663	0.0	0.8
0.42414318382579413	0.7937899971743904	1.0800659429483663	0.0	0.9
0.47127020425088234	0.8819888857493225	1.0800659429483663	0.0	1.0
0.5183972246759706	0.9701877743242548	1.0800659429483663	0.0	1.1
0.5655242451010589	1.0583866628991871	1.0800659429483663	0.0	1.2000000000000002
0.612651265526147	1.1465855514741194	1.0800659429483663	0.0	1.3
0.6597782859512353	1.2347844400490517	1.0800659429483663	0.0	1.4000000000000001
0.7069053063763235	1.3229833286239838	1.0800659429483663	0.0	1.5
0.7540323268014117	1.4111822171989161	1.0800659429483663	0.0	1.6
0.8011593472265001	1.4993811057738484	1.0800659429483663	0.0	1.7000000000000002
0.8482863676515883	1.5875799943487807	1.0800659429483663	0.0	1.8
0.8954133880766765	1.675778882923713	1.0800659429483663	0.0	1.9000000000000001
0.9425404085017647	1.763977771498645	1.0800659429483663	0.0	2.0
0.989667428926853	1.8521766600735774	1.0800659429483663	0.0	2.1
1.0367944493519412	1.9403755486485097	1.0800659429483663	0.0	2.2
1.0839214697770294	2.028574437223442	1.0800659429483663	0.0	2.3000000000000003
1.1310484902021178	2.1167733257983743	1.0800659429483663	0.0	2.4000000000000004
1.1781755106272058	2.2049722143733064	1.0800659429483663	0.0	2.5
1.225302531052294	2.293171102948239	1.0800659429483663	0.0	2.6
1.2724295514773825	2.381369991523171	1.0800659429483663	0.0	2.7
1.3195565719024707	2.4695688800981035	1.0800659429483663	0.0	2.8000000000000003
1.3666835923275589	2.5577677686730356	1.0800659429483663	0.0	2.9000000000000004
1.413810612752647	2.6459666572479676	1.0800659429483663	0.0	3.0
1.4609376331777353	2.7341655458229	1.0800659429483663	0.0	3.1
1.5080646536028235	2.8223644343978322	1.0800659429483663	0.0	3.2
1.555191674027912	2.9105633229727648	1.0800659429483663	0.0	3.3000000000000003
1.6023186944530001	2.998762211547697	1.0800659429483663	0.0	3.4000000000000004
1.649445714878088	3.086961100122629	1.0800659429483663	0.0	3.5
1.6965727353031765	3.1751599886975614	1.0800659429483663	0.0	3.6
1.7436997557282647	3.2633588772724935	1.0800659429483663	0.0	3.7
1.790826776153353	3.351557765847426	1.0800659429483663	0.0	3.8000000000000003
1.8379537965784414	3.439756654422358	1.0800659429483663	0.0	3.9000000000000004
1.8850808170035294	3.52795554299729	1.0800659429483663	0.0	4.0
1.9322078374286178	3.6161544315722227	1.0800659429483663	0.0	4.1000000000000005
1.979334857853706	3.704353320147155	1.0800659429483663	0.0	4.2
2.026461878278794	3.792552208722087	1.0800659429483663	0.0	4.3
2.0735888987038824	3.8807510972970194	1.0800659429483663	0.0	4.4
2.1207159191289704	3.9689499858719515	1.0800659429483663	0.0	4.5
2.167842939554059	4.057148874446884	1.0800659429483663	0.0	4.6000000000000005
2.2149699599791473	4.1453477630218165	1.0800659429483663	0.0	4.7
2.2620969804042357	4.233546651596749	1.0800659429483663	0.0	4.800000000000001
2.3092240008293237	4.321745540171681	1.0800659429483663	0.0	4.9
2.3563510212544116	4.409944428746613	1.0800659429483663	0.0	5.0
2.4034780416795	4.498143317321546	1.0800659429483663	0.0	5.1000000000000005
2.450605062104588	4.586342205896478	1.0800659429483663	0.0	5.2
2.497732082529677	4.67454109447141	1.0800659429483663	0.0	5.300000000000001
2.544859102954765	4.762739983046342	1.0800659429483663	0.0	5.4
2.591986123379853	4.850938871621274	1.0800659429483663	0.0	5.5
2.6391131438049413	4.939137760196207	1.0800659429483663	0.0	5.6000000000000005
2.6862401642300293	5.027336648771139	1.0800659429483663	0.0	5.7
2.7333671846551177	5.115535537346071	1.0800659429483663	0.0	5.800000000000001
2.780494205080206	5.203734425921003	1.0800659429483663	0.0	5.9
2.827621225505294	5.291933314495935	1.0800659429483663	0.0	6.0
2.8747482459303826	5.380132203070868	1.0800659429483663	0.0	6.1000000000000005
2.9218752663554706	5.4683310916458	1.0800659429483663	0.0	6.2
2.969002286780559	5.556529980220732	1.0800659429483663	0.0	6.300000000000001
3.016129307205647	5.6447288687956645	1.0800659429483663	0.0	6.4
3.0632563276307354	5.732927757370597	1.0800659429483663	0.0	6.5
3.110383348055824	5.8211266459455295	1.0800659429483663	0.0	6.6000000000000005
3.157510368480912	5.909325534520462	1.0800659429483663	0.0	6.7
3.2046373889060003	5.997524423095394	1.0800659429483663	0.0	6.800000000000001
3.2517644093310882	6.085723311670326	1.0800659429483663	0.0	6.9
3.298891429756176	6.173922200245258	1.0800659429483663	0.0	7.0
3.346018450181265	6.262121088820191	1.0800659429483663	0.0	7.1000000000000005
3.393145470606353	6.350319977395123	1.0800659429483663	0.0	7.2
3.4402724910314415	6.438518865970055	1.0800659429483663	0.0	7.300000000000001
3.4873995114565295	6.526717754544987	1.0800659429483663	0.0	7.4
3.5345265318816175	6.614916643119919	1.0800659429483663	0.0	7.5
3.581653552306706	6.703115531694852	1.0800659429483663	0.0	7.6000000000000005
3.6287805727317943	6.791314420269784	1.0800659429483663	0.0	7.7
3.6759075931568828	6.879513308844716	1.0800659429483663	0.0	7.800000000000001
3.7230346135819707	6.967712197419648	1.0800659429483663	0.0	7.9
3.7701616340070587	7.05591108599458	1.0800659429483663	0.0	8.0
3.8172886544321467	7.1441099745695125	1.0800659429483663	0.0	8.1
3.8644156748572356	7.232308863144445	1.0800659429483663	0.0	8.200000000000001
3.9115426952823236	7.3205077517193775	1.0800659429483663	0.0	8.3
3.958669715707412	7.40870664029431	1.0800659429483663	0.0	8.4
4.0057967361325	7.496905528869242	1.0800659429483663	0.0	8.5
4.052923756557588	7.585104417444174	1.0800659429483663	0.0	8.6
4.100050776982677	7.673303306019107	1.0800659429483663	0.0	8.700000000000001
4.147177797407765	7.761502194594039	1.0800659429483663	0.0	8.8
4.194304817832853	7.849701083168971	1.0800659429483663	0.0	8.9
4.241431838257941	7.937899971743903	1.0800659429483663	0.0	9.0
4.288558858683029	8.026098860318834	1.0800659429483663	0.0	9.1
4.335685879108118	8.114297748893769	1.0800659429483663	0.0	9.200000000000001
4.3828128995332065	8.2024966374687	1.0800659429483663	0.0	9.3
4.4299399199582945	8.290695526043633	1.0800659429483663	0.0	9.4
4.4770669403833825	8.378894414618564	1.0800659429483663	0.0	9.5
4.524193960808471	8.467093303193497	1.0800659429483663	0.0	9.600000000000001
4.571320981233559	8.55529219176843	1.0800659429483663	0.0	9.700000000000001
4.618448001658647	8.643491080343361	1.0800659429483663	0.0	9.8
4.665575022083735	8.731689968918294	1.0800659429483663	0.0	9.9
4.712702042508823	8.819888857493225	1.0800659429483663	0.0	10.0
4.759829062933912	8.908087746068158	1.0800659429483663	0.0	10.100000000000001
4.806956083359	8.996286634643091	1.0800659429483663	0.0	10.200000000000001
4.854083103784088	9.084485523218023	1.0800659429483663	0.0	10.3
4.901210124209176	9.172684411792956	1.0800659429483663	0.0	10.4
4.948337144634265	9.260883300367887	1.0800659429483663	0.0	10.5
4.995464165059354	9.34908218894282	1.0800659429483663	0.0	10.600000000000001
5.042591185484442	9.437281077517753	1.0800659429483663	0.0	10.700000000000001
5.08971820590953	9.525479966092684	1.0800659429483663	0.0	10.8
5.136845226334618	9.613678854667617	1.0800659429483663	0.0	10.9
5.183972246759706	9.701877743242548	1.0800659429483663	0.0	11.0
5.231099267184795	9.790076631817481	1.0800659429483663	0.0	11.100000000000001
5.278226287609883	9.878275520392414	1.0800659429483663	0.0	11.200000000000001
5.325353308034971	9.966474408967345	1.0800659429483663	0.0	11.3
5.372480328460059	10.054673297542278	1.0800659429483663	0.0	11.4
5.419607348885147	10.14287218611721	1.0800659429483663	0.0	11.5
5.4667343693102355	10.231071074692142	1.0800659429483663	0.0	11.600000000000001
5.5138613897353235	10.319269963267075	1.0800659429483663	0.0	11.700000000000001
5.560988410160412	10.407468851842006	1.0800659429483663	0.0	11.8
5.6081154305855	10.49566774041694	1.0800659429483663	0.0	11.9
5.655242451010588	10.58386662899187	1.0800659429483663	0.0	12.0
5.702369471435677	10.672065517566804	1.0800659429483663	0.0	12.100000000000001
5.749496491860765	10.760264406141737	1.0800659429483663	0.0	12.200000000000001
5.796623512285853	10.848463294716668	1.0800659429483663	0.0	12.3
5.843750532710941	10.9366621832916	1.0800659429483663	0.0	12.4
5.890877553136029	11.024861071866532	1.0800659429483663	0.0	12.5
5.938004573561118	11.113059960441465	1.0800659429483663	0.0	12.600000000000001
5.985131593986206	11.201258849016398	1.0800659429483663	0.0	12.700000000000001
6.032258614411294	11.289457737591329	1.0800659429483663	0.0	12.8
6.079385634836382	11.377656626166262	1.0800659429483663	0.0	12.9
6.126512655261471	11.465855514741193	1.0800659429483663	0.0	13.0
6.17363967568656	11.554054403316126	1.0800659429483663	0.0	13.100000000000001
6.220766696111648	11.642253291891059	1.0800659429483663	0.0	13.200000000000001
6.267893716536736	11.73045218046599	1.0800659429483663	0.0	13.3
6.315020736961824	11.818651069040923	1.0800659429483663	0.0	13.4
6.362147757386912	11.906849957615854	1.0800659429483663	0.0	13.5
6.4092747778120005	11.995048846190787	1.0800659429483663	0.0	13.600000000000001
6.4564017982370885	12.08324773476572	1.0800659429483663	0.0	13.700000000000001
6.5035288186621765	12.171446623340652	1.0800659429483663	0.0	13.8
6.5506558390872645	12.259645511915584	1.0800659429483663	0.0	13.9
6.597782859512352	12.347844400490516	1.0800659429483663	0.0	14.0
6.644909879937441	12.436043289065449	1.0800659429483663	0.0	14.100000000000001
6.69203690036253	12.524242177640382	1.0800659429483663	0.0	14.200000000000001
6.739163920787618	12.612441066215313	1.0800659429483663	0.0	14.3
6.786290941212706	12.700639954790246	1.0800659429483663	0.0	14.4
6.833417961637794	12.788838843365177	1.0800659429483663	0.0	14.5
6.880544982062883	12.87703773194011	1.0800659429483663	0.0	14.600000000000001
6.927672002487971	12.965236620515043	1.0800659429483663	0.0	14.700000000000001
6.974799022913059	13.053435509089974	1.0800659429483663	0.0	14.8
7.021926043338147	13.141634397664907	1.0800659429483663	0.0	14.9
7.069053063763235	13.229833286239838	1.0800659429483663	0.0	15.0
7.116180084188324	13.318032174814771	1.0800659429483663	0.0	15.100000000000001
7.163307104613412	13.406231063389704	1.0800659429483663	0.0	15.200000000000001
7.2104341250385	13.494429951964635	1.0800659429483663	0.0	15.3
7.257561145463589	13.582628840539568	1.0800659429483663	0.0	15.4
7.304688165888677	13.6708277291145	1.0800659429483663	0.0	15.5
7.3518151863137655	13.759026617689432	1.0800659429483663	0.0	15.600000000000001
7.3989422067388535	13.847225506264365	1.0800659429483663	0.0	15.700000000000001
7.4460692271639415	13.935424394839297	1.0800659429483663	0.0	15.8
7.4931962475890295	14.02362328341423	1.0800659429483663	0.0	15.9
7.5403232680141175	14.11182217198916	1.0800659429483663	0.0	16.0
7.587450288439206	14.200021060564094	1.0800659429483663	0.0	16.1
7.634577308864293	14.288219949139025	1.0800659429483663	0.0	16.2
7.681704329289382	14.376418837713958	1.0800659429483663	0.0	16.3
7.728831349714471	14.46461772628889	1.0800659429483663	0.0	16.400000000000002
7.775958370139558	14.552816614863822	1.0800659429483663	0.0	16.5
7.823085390564647	14.641015503438755	1.0800659429483663	0.0	16.6
7.870212410989735	14.729214392013686	1.0800659429483663	0.0	16.7
7.917339431414824	14.81741328058862	1.0800659429483663	0.0	16.8
7.964466451839913	14.905612169163552	1.0800659429483663	0.0	16.900000000000002
8.011593472265	14.993811057738483	1.0800659429483663	0.0	17.0
8.058720492690089	15.082009946313416	1.0800659429483663	0.0	17.1
8.105847513115176	15.170208834888347	1.0800659429483663	0.0	17.2
8.152974533540265	15.25840772346328	1.0800659429483663	0.0	17.3
8.200101553965354	15.346606612038213	1.0800659429483663	0.0	17.400000000000002
8.24722857439044	15.434805500613145	1.0800659429483663	0.0	17.5
8.29435559481553	15.523004389188078	1.0800659429483663	0.0	17.6
8.341482615240617	15.611203277763009	1.0800659429483663	0.0	17.7
8.388609635665706	15.699402166337942	1.0800659429483663	0.0	17.8
8.435736656090794	15.787601054912875	1.0800659429483663	0.0	17.900000000000002
8.482863676515882	15.875799943487806	1.0800659429483663	0.0	18.0
8.52999069694097	15.963998832062739	1.0800659429483663	0.0	18.1
8.577117717366058	16.05219772063767	1.0800659429483663	0.0	18.2
8.624244737791146	16.140396609212605	1.0800659429483663	0.0	18.3
8.671371758216235	16.228595497787538	1.0800659429483663	0.0	18.400000000000002
8.718498778641324	16.316794386362467	1.0800659429483663	0.0	18.5
8.765625799066413	16.4049932749374	1.0800659429483663	0.0	18.6
8.8127528194915	16.49319216351233	1.0800659429483663	0.0	18.7
8.859879839916589	16.581391052087266	1.0800659429483663	0.0	18.8
8.907006860341678	16.6695899406622	1.0800659429483663	0.0	18.900000000000002
8.954133880766765	16.75778882923713	1.0800659429483663	0.0	19.0
9.001260901191854	16.84598771781206	1.0800659429483663	0.0	19.1
9.048387921616943	16.934186606386994	1.0800659429483663	0.0	19.200000000000003
9.09551494204203	17.022385494961927	1.0800659429483663	0.0	19.3
9.142641962467119	17.11058438353686	1.0800659429483663	0.0	19.400000000000002
9.189768982892206	17.19878327211179	1.0800659429483663	0.0	19.5
9.236896003317295	17.286982160686723	1.0800659429483663	0.0	19.6
9.284023023742384	17.375181049261656	1.0800659429483663	0.0	19.700000000000003
9.33115004416747	17.46337993783659	1.0800659429483663	0.0	19.8
9.37827706459256	17.55157882641152	1.0800659429483663	0.0	19.900000000000002
9.425404085017647	17.63977771498645	1.0800659429483663	0.0	20.0
9.472531105442735	17.727976603561384	1.0800659429483663	0.0	20.1
9.519658125867824	17.816175492136317	1.0800659429483663	0.0	20.200000000000003
9.566785146292911	17.90437438071125	1.0800659429483663	0.0	20.3
9.613912166718	17.992573269286183	1.0800659429483663	0.0	20.400000000000002
9.661039187143087	18.080772157861112	1.0800659429483663	0.0	20.5
9.708166207568176	18.168971046436045	1.0800659429483663	0.0	20.6
9.755293227993265	18.257169935010978	1.0800659429483663	0.0	20.700000000000003
9.802420248418352	18.34536882358591	1.0800659429483663	0.0	20.8
9.849547268843441	18.433567712160844	1.0800659429483663	0.0	20.900000000000002
9.89667428926853	18.521766600735774	1.0800659429483663	0.0	21.0
9.943801309693619	18.609965489310706	1.0800659429483663	0.0	21.1
9.990928330118708	18.69816437788564	1.0800659429483663	0.0	21.200000000000003
10.038055350543795	18.786363266460572	1.0800659429483663	0.0	21.3
10.085182370968884	18.874562155035505	1.0800659429483663	0.0	21.400000000000002
10.13230939139397	18.962761043610435	1.0800659429483663	0.0	21.5
10.17943641181906	19.050959932185368	1.0800659429483663	0.0	21.6
10.226563432244149	19.1391588207603	1.0800659429483663	0.0	21.700000000000003
10.273690452669236	19.227357709335234	1.0800659429483663	0.0	21.8
10.320817473094325	19.315556597910167	1.0800659429483663	0.0	21.900000000000002
10.367944493519412	19.403755486485096	1.0800659429483663	0.0	22.0
10.4150715139445	19.49195437506003	1.0800659429483663	0.0	22.1
10.46219853436959	19.580153263634962	1.0800659429483663	0.0	22.200000000000003
10.509325554794676	19.668352152209895	1.0800659429483663	0.0	22.3
10.556452575219765	19.756551040784828	1.0800659429483663	0.0	22.400000000000002
10.603579595644852	19.844749929359757	1.0800659429483663	0.0	22.5
10.650706616069941	19.93294881793469	1.0800659429483663	0.0	22.6
10.69783363649503	20.021147706509623	1.0800659429483663	0.0	22.700000000000003
10.744960656920117	20.109346595084556	1.0800659429483663	0.0	22.8
10.792087677345206	20.19754548365949	1.0800659429483663	0.0	22.900000000000002
10.839214697770293	20.28574437223442	1.0800659429483663	0.0	23.0
10.886341718195382	20.37394326080935	1.0800659429483663	0.0	23.1
10.933468738620471	20.462142149384285	1.0800659429483663	0.0	23.200000000000003
10.980595759045558	20.550341037959218	1.0800659429483663	0.0	23.3
11.027722779470647	20.63853992653415	1.0800659429483663	0.0	23.400000000000002
11.074849799895736	20.72673881510908	1.0800659429483663	0.0	23.5
11.121976820320825	20.814937703684013	1.0800659429483663	0.0	23.6
11.169103840745914	20.903136592258946	1.0800659429483663	0.0	23.700000000000003
11.216230861171	20.99133548083388	1.0800659429483663	0.0	23.8
11.26335788159609	21.07953436940881	1.0800659429483663	0.0	23.900000000000002
11.310484902021177	21.16773325798374	1.0800659429483663	0.0	24.0
11.357611922446265	21.255932146558674	1.0800659429483663	0.0	24.1
11.404738942871354	21.344131035133607	1.0800659429483663	0.0	24.200000000000003
11.451865963296441	21.43232992370854	1.0800659429483663	0.0	24.3
11.49899298372153	21.520528812283473	1.0800659429483663	0.0	24.400000000000002
11.546120004146617	21.608727700858402	1.0800659429483663	0.0	24.5
11.593247024571706	21.696926589433335	1.0800659429483663	0.0	24.6
11.640374044996795	21.78512547800827	1.0800659429483663	0.0	24.700000000000003
11.687501065421882	21.8733243665832	1.0800659429483663	0.0	24.8
11.734628085846971	21.961523255158134	1.0800659429483663	0.0	24.900000000000002
11.781755106272058	22.049722143733064	1.0800659429483663	0.0	25.0
11.828882126697147	22.137921032307997	1.0800659429483663	0.0	25.1
11.876009147122236	22.22611992088293	1.0800659429483663	0.0	25.200000000000003
11.923136167547323	22.314318809457863	1.0800659429483663	0.0	25.3
11.970263187972412	22.402517698032796	1.0800659429483663	0.0	25.400000000000002
12.017390208397499	22.490716586607725	1.0800659429483663	0.0	25.5
12.064517228822588	22.578915475182658	1.0800659429483663	0.0	25.6
12.111644249247677	22.66711436375759	1.0800659429483663	0.0	25.700000000000003
12.158771269672764	22.755313252332524	1.0800659429483663	0.0	25.8
12.205898290097853	22.843512140907457	1.0800659429483663	0.0	25.900000000000002
12.253025310522942	22.931711029482386	1.0800659429483663	0.0	26.0
12.30015233094803	23.01990991805732	1.0800659429483663	0.0	26.1
12.34727935137312	23.108108806632252	1.0800659429483663	0.0	26.200000000000003
12.394406371798206	23.196307695207185	1.0800659429483663	0.0	26.3
12.441533392223295	23.284506583782118	1.0800659429483663	0.0	26.400000000000002
12.488660412648382	23.372705472357048	1.0800659429483663	0.0	26.5
12.535787433073471	23.46090436093198	1.0800659429483663	0.0	26.6
12.58291445349856	23.549103249506913	1.0800659429483663	0.0	26.700000000000003
12.630041473923647	23.637302138081846	1.0800659429483663	0.0	26.8
12.677168494348736	23.72550102665678	1.0800659429483663	0.0	26.900000000000002
12.724295514773823	23.81369991523171	1.0800659429483663	0.0	27.0
12.771422535198912	23.901898803806642	1.0800659429483663	0.0	27.1
12.818549555624001	23.990097692381575	1.0800659429483663	0.0	27.200000000000003
12.865676576049088	24.078296580956508	1.0800659429483663	0.0	27.3
12.912803596474177	24.16649546953144	1.0800659429483663	0.0	27.400000000000002
12.959930616899264	24.25469435810637	1.0800659429483663	0.0	27.5
13.007057637324353	24.342893246681303	1.0800659429483663	0.0	27.6
13.054184657749442	24.431092135256236	1.0800659429483663	0.0	27.700000000000003
13.101311678174529	24.51929102383117	1.0800659429483663	0.0	27.8
13.148438698599618	24.607489912406102	1.0800659429483663	0.0	27.900000000000002
13.195565719024705	24.69568880098103	1.0800659429483663	0.0	28.0
13.242692739449794	24.783887689555964	1.0800659429483663	0.0	28.1
13.289819759874883	24.872086578130897	1.0800659429483663	0.0	28.200000000000003
13.33694678029997	24.96028546670583	1.0800659429483663	0.0	28.3
13.38407380072506	25.048484355280763	1.0800659429483663	0.0	28.400000000000002
13.431200821150147	25.136683243855693	1.0800659429483663	0.0	28.5
13.478327841575236	25.224882132430626	1.0800659429483663	0.0	28.6
13.525454862000325	25.31308102100556	1.0800659429483663	0.0	28.700000000000003
13.572581882425412	25.40127990958049	1.0800659429483663	0.0	28.8
13.619708902850501	25.489478798155424	1.0800659429483663	0.0	28.900000000000002
13.666835923275588	25.577677686730354	1.0800659429483663	0.0	29.0
13.713962943700677	25.665876575305287	1.0800659429483663	0.0	29.1
13.761089964125766	25.75407546388022	1.0800659429483663	0.0	29.200000000000003
13.808216984550853	25.842274352455153	1.0800659429483663	0.0	29.3
13.855344004975942	25.930473241030086	1.0800659429483663	0.0	29.400000000000002
13.902471025401029	26.018672129605015	1.0800659429483663	0.0	29.5
13.949598045826118	26.106871018179948	1.0800659429483663	0.0	29.6
13.996725066251207	26.19506990675488	1.0800659429483663	0.0	29.700000000000003
14.043852086676294	26.283268795329814	1.0800659429483663	0.0	29.8
14.090979107101383	26.371467683904747	1.0800659429483663	0.0	29.900000000000002
14.13810612752647	26.459666572479676	1.0800659429483663	0.0	30.0
14.185233147951559	26.54786546105461	1.0800659429483663	0.0	30.1
14.232360168376648	26.636064349629542	1.0800659429483663	0.0	30.200000000000003
14.279487188801735	26.724263238204475	1.0800659429483663	0.0	30.3
14.326614209226824	26.81246212677941	1.0800659429483663	0.0	30.400000000000002
14.37374122965191	26.900661015354338	1.0800659429483663	0.0	30.5
14.420868250077	26.98885990392927	1.0800659429483663	0.0	30.6
14.467995270502088	27.077058792504204	1.0800659429483663	0.0	30.700000000000003
14.515122290927177	27.165257681079137	1.0800659429483663	0.0	30.8
14.562249311352266	27.25345656965407	1.0800659429483663	0.0	30.900000000000002
14.609376331777353	27.341655458229	1.0800659429483663	0.0	31.0
14.656503352202442	27.429854346803932	1.0800659429483663	0.0	31.1
14.703630372627531	27.518053235378865	1.0800659429483663	0.0	31.200000000000003
14.750757393052618	27.606252123953798	1.0800659429483663	0.0	31.3
14.797884413477707	27.69445101252873	1.0800659429483663	0.0	31.400000000000002
14.845011433902794	27.78264990110366	1.0800659429483663	0.0	31.5
14.892138454327883	27.870848789678593	1.0800659429483663	0.0	31.6
14.939265474752972	27.959047678253526	1.0800659429483663	0.0	31.700000000000003
14.986392495178059	28.04724656682846	1.0800659429483663	0.0	31.8
15.033519515603148	28.135445455403392	1.0800659429483663	0.0	31.900000000000002
15.080646536028235	28.22364434397832	1.0800659429483663	0.0	32.0
15.127773556453324	28.311843232553255	1.0800659429483663	0.0	32.1
15.174900576878413	28.400042121128187	1.0800659429483663	0.0	32.2
15.222027597303502	28.48824100970312	1.0800659429483663	0.0	32.300000000000004
15.269154617728587	28.57643989827805	1.0800659429483663	0.0	32.4
15.316281638153676	28.664638786852983	1.0800659429483663	0.0	32.5
15.363408658578765	28.752837675427916	1.0800659429483663	0.0	32.6
15.410535679003853	28.84103656400285	1.0800659429483663	0.0	32.7
15.457662699428942	28.92923545257778	1.0800659429483663	0.0	32.800000000000004
15.504789719854028	29.01743434115271	1.0800659429483663	0.0	32.9
15.551916740279117	29.105633229727644	1.0800659429483663	0.0	33.0
15.599043760704205	29.193832118302577	1.0800659429483663	0.0	33.1
15.646170781129294	29.28203100687751	1.0800659429483663	0.0	33.2
15.693297801554383	29.370229895452443	1.0800659429483663	0.0	33.300000000000004
15.74042482197947	29.458428784027372	1.0800659429483663	0.0	33.4
15.787551842404559	29.546627672602305	1.0800659429483663	0.0	33.5
15.834678862829648	29.63482656117724	1.0800659429483663	0.0	33.6
15.881805883254737	29.72302544975217	1.0800659429483663	0.0	33.7
15.928932903679826	29.811224338327104	1.0800659429483663	0.0	33.800000000000004
15.976059924104911	29.899423226902034	1.0800659429483663	0.0	33.9
16.02318694453	29.987622115476967	1.0800659429483663	0.0	34.0
16.070313964955087	30.0758210040519	1.0800659429483663	0.0	34.1
16.117440985380178	30.164019892626833	1.0800659429483663	0.0	34.2
16.164568005805265	30.252218781201766	1.0800659429483663	0.0	34.300000000000004
16.211695026230352	30.340417669776695	1.0800659429483663	0.0	34.4
16.258822046655443	30.428616558351628	1.0800659429483663	0.0	34.5
16.30594906708053	30.51681544692656	1.0800659429483663	0.0	34.6
16.35307608750562	30.605014335501494	1.0800659429483663	0.0	34.7
16.400203107930707	30.693213224076427	1.0800659429483663	0.0	34.800000000000004
16.447330128355794	30.781412112651356	1.0800659429483663	0.0	34.9
16.49445714878088	30.86961100122629	1.0800659429483663	0.0	35.0
16.541584169205972	30.957809889801222	1.0800659429483663	0.0	35.1
16.58871118963106	31.046008778376155	1.0800659429483663	0.0	35.2
16.63583821005615	31.134207666951088	1.0800659429483663	0.0	35.300000000000004
16.682965230481233	31.222406555526018	1.0800659429483663	0.0	35.4
16.730092250906324	31.31060544410095	1.0800659429483663	0.0	35.5
16.77721927133141	31.398804332675883	1.0800659429483663	0.0	35.6
16.824346291756502	31.487003221250816	1.0800659429483663	0.0	35.7
16.87147331218159	31.57520210982575	1.0800659429483663	0.0	35.800000000000004
16.918600332606676	31.66340099840068	1.0800659429483663	0.0	35.9
16.965727353031763	31.75159988697561	1.0800659429483663	0.0	36.0
17.012854373456854	31.839798775550545	1.0800659429483663	0.0	36.1
17.05998139388194	31.927997664125478	1.0800659429483663	0.0	36.2
17.10710841430703	32.016196552700414	1.0800659429483663	0.0	36.300000000000004
17.154235434732115	32.10439544127534	1.0800659429483663	0.0	36.4
17.201362455157206	32.19259432985027	1.0800659429483663	0.0	36.5
17.248489475582293	32.28079321842521	1.0800659429483663	0.0	36.6
17.295616496007383	32.36899210700014	1.0800659429483663	0.0	36.7
17.34274351643247	32.457190995575075	1.0800659429483663	0.0	36.800000000000004
17.389870536857558	32.54538988415	1.0800659429483663	0.0	36.9
17.43699755728265	32.633588772724934	1.0800659429483663	0.0	37.0
17.484124577707735	32.72178766129987	1.0800659429483663	0.0	37.1
17.531251598132826	32.8099865498748	1.0800659429483663	0.0	37.2
17.578378618557913	32.89818543844974	1.0800659429483663	0.0	37.300000000000004
17.625505638983	32.98638432702466	1.0800659429483663	0.0	37.4
17.672632659408087	33.074583215599596	1.0800659429483663	0.0	37.5
17.719759679833178	33.16278210417453	1.0800659429483663	0.0	37.6
17.766886700258265	33.25098099274946	1.0800659429483663	0.0	37.7
17.814013720683356	33.3391798813244	1.0800659429483663	0.0	37.800000000000004
17.86114074110844	33.42737876989932	1.0800659429483663	0.0	37.9
17.90826776153353	33.51557765847426	1.0800659429483663	0.0	38.0
17.955394781958617	33.60377654704919	1.0800659429483663	0.0	38.1
18.002521802383708	33.69197543562412	1.0800659429483663	0.0	38.2
18.049648822808795	33.78017432419906	1.0800659429483663	0.0	38.300000000000004
18.096775843233885	33.86837321277399	1.0800659429483663	0.0	38.400000000000006
18.14390286365897	33.95657210134892	1.0800659429483663	0.0	38.5
18.19102988408406	34.044770989923855	1.0800659429483663	0.0	38.6
18.238156904509147	34.132969878498784	1.0800659429483663	0.0	38.7
18.285283924934237	34.22116876707372	1.0800659429483663	0.0	38.800000000000004
18.332410945359324	34.30936765564865	1.0800659429483663	0.0	38.900000000000006
18.37953796578441	34.39756654422358	1.0800659429483663	0.0	39.0
18.4266649862095	34.485765432798516	1.0800659429483663	0.0	39.1
18.47379200663459	34.573964321373445	1.0800659429483663	0.0	39.2
18.520919027059676	34.66216320994838	1.0800659429483663	0.0	39.300000000000004
18.568046047484767	34.75036209852331	1.0800659429483663	0.0	39.400000000000006
18.615173067909854	34.83856098709824	1.0800659429483663	0.0	39.5
18.66230008833494	34.92675987567318	1.0800659429483663	0.0	39.6
18.709427108760032	35.01495876424811	1.0800659429483663	0.0	39.7
18.75655412918512	35.10315765282304	1.0800659429483663	0.0	39.800000000000004
18.80368114961021	35.19135654139797	1.0800659429483663	0.0	39.900000000000006
18.850808170035293	35.2795554299729	1.0800659429483663	0.0	40.0
18.897935190460384	35.36775431854784	1.0800659429483663	0.0	40.1
18.94506221088547	35.45595320712277	1.0800659429483663	0.0	40.2
18.99218923131056	35.544152095697704	1.0800659429483663	0.0	40.300000000000004
19.03931625173565	35.632350984272634	1.0800659429483663	0.0	40.400000000000006
19.086443272160736	35.72054987284756	1.0800659429483663	0.0	40.5
19.133570292585823	35.8087487614225	1.0800659429483663	0.0	40.6
19.180697313010914	35.89694764999743	1.0800659429483663	0.0	40.7
19.227824333436	35.985146538572366	1.0800659429483663	0.0	40.800000000000004
19.27495135386109	36.073345427147295	1.0800659429483663	0.0	40.900000000000006
19.322078374286175	36.161544315722224	1.0800659429483663	0.0	41.0
19.369205394711265	36.24974320429716	1.0800659429483663	0.0	41.1
19.416332415136353	36.33794209287209	1.0800659429483663	0.0	41.2
19.463459435561443	36.42614098144703	1.0800659429483663	0.0	41.300000000000004
19.51058645598653	36.514339870021956	1.0800659429483663	0.0	41.400000000000006
19.557713476411617	36.602538758596886	1.0800659429483663	0.0	41.5
19.604840496836704	36.69073764717182	1.0800659429483663	0.0	41.6
19.651967517261795	36.77893653574675	1.0800659429483663	0.0	41.7
19.699094537686882	36.86713542432169	1.0800659429483663	0.0	41.800000000000004
19.746221558111973	36.95533431289662	1.0800659429483663	0.0	41.900000000000006
19.79334857853706	37.04353320147155	1.0800659429483663	0.0	42.0
19.840475598962147	37.131732090046484	1.0800659429483663	0.0	42.1
19.887602619387238	37.21993097862141	1.0800659429483663	0.0	42.2
19.934729639812325	37.30812986719635	1.0800659429483663	0.0	42.300000000000004
19.981856660237415	37.39632875577128	1.0800659429483663	0.0	42.400000000000006
20.0289836806625	37.48452764434621	1.0800659429483663	0.0	42.5
20.07611070108759	37.572726532921145	1.0800659429483663	0.0	42.6
20.123237721512677	37.660925421496074	1.0800659429483663	0.0	42.7
20.170364741937767	37.74912431007101	1.0800659429483663	0.0	42.800000000000004
20.217491762362855	37.83732319864594	1.0800659429483663	0.0	42.900000000000006
20.26461878278794	37.92552208722087	1.0800659429483663	0.0	43.0
20.31174580321303	38.013720975795806	1.0800659429483663	0.0	43.1
20.35887282363812	38.101919864370736	1.0800659429483663	0.0	43.2
20.405999844063206	38.19011875294567	1.0800659429483663	0.0	43.300000000000004
20.453126864488297	38.2783176415206	1.0800659429483663	0.0	43.400000000000006
20.50025388491338	38.36651653009553	1.0800659429483663	0.0	43.5
20.54738090533847	38.45471541867047	1.0800659429483663	0.0	43.6
20.59450792576356	38.5429143072454	1.0800659429483663	0.0	43.7
20.64163494618865	38.63111319582033	1.0800659429483663	0.0	43.800000000000004
20.688761966613736	38.71931208439526	1.0800659429483663	0.0	43.900000000000006
20.735888987038823	38.80751097297019	1.0800659429483663	0.0	44.0
20.78301600746391	38.89570986154513	1.0800659429483663	0.0	44.1
20.830143027889	38.98390875012006	1.0800659429483663	0.0	44.2
20.877270048314088	39.072107638694995	1.0800659429483663	0.0	44.300000000000004
20.92439706873918	39.160306527269924	1.0800659429483663	0.0	44.400000000000006
20.971524089164266	39.24850541584485	1.0800659429483663	0.0	44.5
21.018651109589353	39.33670430441979	1.0800659429483663	0.0	44.6
21.065778130014444	39.42490319299472	1.0800659429483663	0.0	44.7
21.11290515043953	39.513102081569656	1.0800659429483663	0.0	44.800000000000004
21.16003217086462	39.601300970144585	1.0800659429483663	0.0	44.900000000000006
21.207159191289705	39.689499858719515	1.0800659429483663	0.0	45.0
21.254286211714795	39.77769874729445	1.0800659429483663	0.0	45.1
21.301413232139883	39.86589763586938	1.0800659429483663	0.0	45.2
21.348540252564973	39.95409652444432	1.0800659429483663	0.0	45.300000000000004
21.39566727299006	40.04229541301925	1.0800659429483663	0.0	45.400000000000006
21.442794293415147	40.130494301594176	1.0800659429483663	0.0	45.5
21.489921313840235	40.21869319016911	1.0800659429483663	0.0	45.6
21.537048334265325	40.30689207874404	1.0800659429483663	0.0	45.7
21.584175354690412	40.39509096731898	1.0800659429483663	0.0	45.800000000000004
21.631302375115503	40.48328985589391	1.0800659429483663	0.0	45.900000000000006
21.678429395540586	40.57148874446884	1.0800659429483663	0.0	46.0
21.725556415965677	40.659687633043774	1.0800659429483663	0.0	46.1
21.772683436390764	40.7478865216187	1.0800659429483663	0.0	46.2
21.819810456815855	40.83608541019364	1.0800659429483663	0.0	46.300000000000004
21.866937477240942	40.92428429876857	1.0800659429483663	0.0	46.400000000000006
21.91406449766603	41.0124831873435	1.0800659429483663	0.0	46.5
21.961191518091116	41.100682075918435	1.0800659429483663	0.0	46.6
22.008318538516207	41.188880964493364	1.0800659429483663	0.0	46.7
22.055445558941294	41.2770798530683	1.0800659429483663	0.0	46.800000000000004
22.102572579366385	41.36527874164323	1.0800659429483663	0.0	46.900000000000006
22.14969959979147	41.45347763021816	1.0800659429483663	0.0	47.0
22.19682662021656	41.541676518793096	1.0800659429483663	0.0	47.1
22.24395364064165	41.629875407368026	1.0800659429483663	0.0	47.2
22.291080661066736	41.71807429594296	1.0800659429483663	0.0	47.300000000000004
22.338207681491827	41.80627318451789	1.0800659429483663	0.0	47.400000000000006
22.38533470191691	41.89447207309282	1.0800659429483663	0.0	47.5
22.432461722342	41.98267096166776	1.0800659429483663	0.0	47.6
22.47958874276709	42.07086985024269	1.0800659429483663	0.0	47.7
22.52671576319218	42.15906873881762	1.0800659429483663	0.0	47.800000000000004
22.573842783617266	42.24726762739255	1.0800659429483663	0.0	47.900000000000006
22.620969804042353	42.33546651596748	1.0800659429483663	0.0	48.0
22.66809682446744	42.42366540454242	1.0800659429483663	0.0	48.1
22.71522384489253	42.51186429311735	1.0800659429483663	0.0	48.2
22.762350865317618	42.600063181692285	1.0800659429483663	0.0	48.300000000000004
22.80947788574271	42.688262070267214	1.0800659429483663	0.0	48.400000000000006
22.856604906167792	42.776460958842144	1.0800659429483663	0.0	48.5
22.903731926592883	42.86465984741708	1.0800659429483663	0.0	48.6
22.95085894701797	42.95285873599201	1.0800659429483663	0.0	48.7
22.99798596744306	43.041057624566946	1.0800659429483663	0.0	48.800000000000004
23.045112987868148	43.129256513141875	1.0800659429483663	0.0	48.900000000000006
23.092240008293235	43.217455401716805	1.0800659429483663	0.0	49.0
23.139367028718322	43.30565429029174	1.0800659429483663	0.0	49.1
23.186494049143413	43.39385317886667	1.0800659429483663	0.0	49.2
23.2336210695685	43.48205206744161	1.0800659429483663	0.0	49.300000000000004
23.28074808999359	43.57025095601654	1.0800659429483663	0.0	49.400000000000006
23.327875110418677	43.658449844591466	1.0800659429483663	0.0	49.5
23.375002130843765	43.7466487331664	1.0800659429483663	0.0	49.6
23.422129151268855	43.83484762174133	1.0800659429483663	0.0	49.7
23.469256171693942	43.92304651031627	1.0800659429483663	0.0	49.800000000000004
23.516383192119033	44.0112453988912	1.0800659429483663	0.0	49.900000000000006
23.563510212544116	44.09944428746613	1.0800659429483663	0.0	50.0
23.610637232969207	44.187643176041064	1.0800659429483663	0.0	50.1
23.657764253394294	44.27584206461599	1.0800659429483663	0.0	50.2
23.704891273819385	44.36404095319093	1.0800659429483663	0.0	50.300000000000004
23.752018294244472	44.45223984176586	1.0800659429483663	0.0	50.400000000000006
23.79914531466956	44.54043873034079	1.0800659429483663	0.0	50.5
23.846272335094646	44.628637618915725	1.0800659429483663	0.0	50.6
23.893399355519737	44.716836507490655	1.0800659429483663	0.0	50.7
23.940526375944824	44.80503539606559	1.0800659429483663	0.0	50.800000000000004
23.987653396369915	44.89323428464052	1.0800659429483663	0.0	50.900000000000006
24.034780416794998	44.98143317321545	1.0800659429483663	0.0	51.0
24.08190743722009	45.06963206179039	1.0800659429483663	0.0	51.1
24.129034457645176	45.157830950365316	1.0800659429483663	0.0	51.2
24.176161478070266	45.24602983894025	1.0800659429483663	0.0	51.300000000000004
24.223288498495354	45.33422872751518	1.0800659429483663	0.0	51.400000000000006
24.27041551892044	45.42242761609011	1.0800659429483663	0.0	51.5
24.317542539345528	45.51062650466505	1.0800659429483663	0.0	51.6
24.36466955977062	45.59882539323998	1.0800659429483663	0.0	51.7
24.411796580195706	45.687024281814914	1.0800659429483663	0.0	51.800000000000004
24.458923600620796	45.77522317038984	1.0800659429483663	0.0	51.900000000000006
24.506050621045883	45.86342205896477	1.0800659429483663	0.0	52.0
24.55317764147097	45.95162094753971	1.0800659429483663	0.0	52.1
24.60030466189606	46.03981983611464	1.0800659429483663	0.0	52.2
24.647431682321148	46.128018724689575	1.0800659429483663	0.0	52.300000000000004
24.69455870274624	46.216217613264504	1.0800659429483663	0.0	52.400000000000006
24.741685723171322	46.304416501839434	1.0800659429483663	0.0	52.5
24.788812743596413	46.39261539041437	1.0800659429483663	0.0	52.6
24.8359397640215	46.4808142789893	1.0800659429483663	0.0	52.7
24.88306678444659	46.569013167564236	1.0800659429483663	0.0	52.800000000000004
24.930193804871678	46.657212056139166	1.0800659429483663	0.0	52.900000000000006
24.977320825296765	46.745410944714095	1.0800659429483663	0.0	53.0
25.024447845721852	46.83360983328903	1.0800659429483663	0.0	53.1
25.071574866146943	46.92180872186396	1.0800659429483663	0.0	53.2
25.11870188657203	47.0100076104389	1.0800659429483663	0.0	53.300000000000004
25.16582890699712	47.09820649901383	1.0800659429483663	0.0	53.400000000000006
25.212955927422204	47.186405387588756	1.0800659429483663	0.0	53.5
25.260082947847295	47.27460427616369	1.0800659429483663	0.0	53.6
25.30720996827238	47.36280316473862	1.0800659429483663	0.0	53.7
25.354336988697472	47.45100205331356	1.0800659429483663	0.0	53.800000000000004
25.40146400912256	47.53920094188849	1.0800659429483663	0.0	53.900000000000006
25.448591029547647	47.62739983046342	1.0800659429483663	0.0	54.0
25.495718049972734	47.715598719038354	1.0800659429483663	0.0	54.1
25.542845070397824	47.803797607613284	1.0800659429483663	0.0	54.2
25.58997209082291	47.89199649618822	1.0800659429483663	0.0	54.300000000000004
25.637099111248002	47.98019538476315	1.0800659429483663	0.0	54.400000000000006
25.68422613167309	48.06839427333808	1.0800659429483663	0.0	54.5
25.731353152098176	48.156593161913015	1.0800659429483663	0.0	54.6
25.778480172523267	48.244792050487945	1.0800659429483663	0.0	54.7
25.825607192948354	48.33299093906288	1.0800659429483663	0.0	54.800000000000004
25.872734213373445	48.42118982763781	1.0800659429483663	0.0	54.900000000000006
25.919861233798528	48.50938871621274	1.0800659429483663	0.0	55.0
25.96698825422362	48.59758760478768	1.0800659429483663	0.0	55.1
26.014115274648706	48.685786493362606	1.0800659429483663	0.0	55.2
26.061242295073797	48.77398538193754	1.0800659429483663	0.0	55.300000000000004
26.108369315498884	48.86218427051247	1.0800659429483663	0.0	55.400000000000006
26.15549633592397	48.9503831590874	1.0800659429483663	0.0	55.5
26.202623356349058	49.03858204766234	1.0800659429483663	0.0	55.6
26.24975037677415	49.12678093623727	1.0800659429483663	0.0	55.7
26.296877397199236	49.214979824812204	1.0800659429483663	0.0	55.800000000000004
26.344004417624326	49.30317871338713	1.0800659429483663	0.0	55.900000000000006
26.39113143804941	49.39137760196206	1.0800659429483663	0.0	56.0
26.4382584584745	49.479576490537	1.0800659429483663	0.0	56.1
26.485385478899587	49.56777537911193	1.0800659429483663	0.0	56.2
26.532512499324678	49.655974267686865	1.0800659429483663	0.0	56.300000000000004
26.579639519749765	49.744173156261795	1.0800659429483663	0.0	56.400000000000006
26.626766540174852	49.832372044836724	1.0800659429483663	0.0	56.5
26.67389356059994	49.92057093341166	1.0800659429483663	0.0	56.6
26.72102058102503	50.00876982198659	1.0800659429483663	0.0	56.7
26.76814760145012	50.09696871056153	1.0800659429483663	0.0	56.800000000000004
26.815274621875208	50.185167599136456	1.0800659429483663	0.0	56.900000000000006
26.862401642300295	50.273366487711385	1.0800659429483663	0.0	57.0
26.909528662725382	50.36156537628632	1.0800659429483663	0.0	57.1
26.956655683150473	50.44976426486125	1.0800659429483663	0.0	57.2
27.00378270357556	50.53796315343619	1.0800659429483663	0.0	57.300000000000004
27.05090972400065	50.62616204201112	1.0800659429483663	0.0	57.400000000000006
27.098036744425734	50.71436093058605	1.0800659429483663	0.0	57.5
27.145163764850825	50.80255981916098	1.0800659429483663	0.0	57.6
27.19229078527591	50.89075870773591	1.0800659429483663	0.0	57.7
27.239417805701002	50.97895759631085	1.0800659429483663	0.0	57.800000000000004
27.28654482612609	51.06715648488578	1.0800659429483663	0.0	57.900000000000006
27.333671846551177	51.15535537346071	1.0800659429483663	0.0	58.0
27.380798866976264	51.243554262035644	1.0800659429483663	0.0	58.1
27.427925887401354	51.331753150610574	1.0800659429483663	0.0	58.2
27.47505290782644	51.41995203918551	1.0800659429483663	0.0	58.300000000000004
27.522179928251532	51.50815092776044	1.0800659429483663	0.0	58.400000000000006
27.569306948676616	51.59634981633537	1.0800659429483663	0.0	58.5
27.616433969101706	51.684548704910306	1.0800659429483663	0.0	58.6
27.663560989526793	51.772747593485235	1.0800659429483663	0.0	58.7
27.710688009951884	51.86094648206017	1.0800659429483663	0.0	58.800000000000004
27.75781503037697	51.9491453706351	1.0800659429483663	0.0	58.900000000000006
27.804942050802058	52.03734425921003	1.0800659429483663	0.0	59.0
27.852069071227145	52.12554314778497	1.0800659429483663	0.0	59.1
27.899196091652236	52.213742036359896	1.0800659429483663	0.0	59.2
27.946323112077327	52.30194092493483	1.0800659429483663	0.0	59.300000000000004
27.993450132502414	52.39013981350976	1.0800659429483663	0.0	59.400000000000006
28.0405771529275	52.47833870208469	1.0800659429483663	0.0	59.5
28.087704173352588	52.56653759065963	1.0800659429483663	0.0	59.6
28.13483119377768	52.65473647923456	1.0800659429483663	0.0	59.7
28.181958214202766	52.742935367809494	1.0800659429483663	0.0	59.800000000000004
28.229085234627856	52.83113425638442	1.0800659429483663	0.0	59.900000000000006
28.27621225505294	52.91933314495935	1.0800659429483663	0.0	60.0
28.32333927547803	53.00753203353429	1.0800659429483663	0.0	60.1
28.370466295903118	53.09573092210922	1.0800659429483663	0.0	60.2
28.417593316328208	53.183929810684155	1.0800659429483663	0.0	60.300000000000004
28.464720336753295	53.272128699259085	1.0800659429483663	0.0	60.400000000000006
28.511847357178382	53.360327587834014	1.0800659429483663	0.0	60.5
28.55897437760347	53.44852647640895	1.0800659429483663	0.0	60.6
28.60610139802856	53.53672536498388	1.0800659429483663	0.0	60.7
28.653228418453647	53.62492425355882	1.0800659429483663	0.0	60.800000000000004
28.700355438878738	53.713123142133746	1.0800659429483663	0.0	60.900000000000006
28.74748245930382	53.801322030708675	1.0800659429483663	0.0	61.0
28.794609479728912	53.88952091928361	1.0800659429483663	0.0	61.1
28.841736500154	53.97771980785854	1.0800659429483663	0.0	61.2
28.88886352057909	54.06591869643348	1.0800659429483663	0.0	61.300000000000004
28.935990541004177	54.15411758500841	1.0800659429483663	0.0	61.400000000000006
28.983117561429264	54.24231647358334	1.0800659429483663	0.0	61.5
29.030244581854355	54.33051536215827	1.0800659429483663	0.0	61.6
29.07737160227944	54.4187142507332	1.0800659429483663	0.0	61.7
29.124498622704532	54.50691313930814	1.0800659429483663	0.0	61.800000000000004
29.17162564312962	54.59511202788307	1.0800659429483663	0.0	61.900000000000006
29.218752663554707	54.683310916458	1.0800659429483663	0.0	62.0
29.265879683979794	54.771509805032935	1.0800659429483663	0.0	62.1
29.313006704404884	54.859708693607864	1.0800659429483663	0.0	62.2
29.36013372482997	54.9479075821828	1.0800659429483663	0.0	62.300000000000004
29.407260745255062	55.03610647075773	1.0800659429483663	0.0	62.400000000000006
29.454387765680146	55.12430535933266	1.0800659429483663	0.0	62.5
29.501514786105236	55.212504247907596	1.0800659429483663	0.0	62.6
29.548641806530323	55.300703136482525	1.0800659429483663	0.0	62.7
29.595768826955414	55.38890202505746	1.0800659429483663	0.0	62.800000000000004
29.6428958473805	55.47710091363239	1.0800659429483663	0.0	62.900000000000006
29.690022867805588	55.56529980220732	1.0800659429483663	0.0	63.0
29.737149888230675	55.65349869078226	1.0800659429483663	0.0	63.1
29.784276908655766	55.74169757935719	1.0800659429483663	0.0	63.2
29.831403929080853	55.82989646793212	1.0800659429483663	0.0	63.300000000000004
29.878530949505944	55.91809535650705	1.0800659429483663	0.0	63.400000000000006
29.925657969931027	56.00629424508198	1.0800659429483663	0.0	63.5
29.972784990356118	56.09449313365692	1.0800659429483663	0.0	63.6
30.019912010781205	56.18269202223185	1.0800659429483663	0.0	63.7
30.067039031206296	56.270890910806784	1.0800659429483663	0.0	63.800000000000004
30.114166051631383	56.359089799381714	1.0800659429483663	0.0	63.900000000000006
30.16129307205647	56.44728868795664	1.0800659429483663	0.0	64.0
30.20842009248156	56.53548757653158	1.0800659429483663	0.0	64.10000000000001
30.255547112906648	56.62368646510651	1.0800659429483663	0.0	64.2
30.302674133331735	56.71188535368144	1.0800659429483663	0.0	64.3
30.349801153756825	56.800084242256375	1.0800659429483663	0.0	64.4
30.396928174181912	56.888283130831304	1.0800659429483663	0.0	64.5
30.444055194607003	56.97648201940624	1.0800659429483663	0.0	64.60000000000001
30.49118221503209	57.06468090798117	1.0800659429483663	0.0	64.7
30.538309235457174	57.1528797965561	1.0800659429483663	0.0	64.8
30.585436255882268	57.241078685131036	1.0800659429483663	0.0	64.9
30.63256327630735	57.329277573705966	1.0800659429483663	0.0	65.0
30.679690296732446	57.4174764622809	1.0800659429483663	0.0	65.10000000000001
30.72681731715753	57.50567535085583	1.0800659429483663	0.0	65.2
30.773944337582616	57.59387423943076	1.0800659429483663	0.0	65.3
30.821071358007707	57.6820731280057	1.0800659429483663	0.0	65.4
30.868198378432794	57.77027201658063	1.0800659429483663	0.0	65.5
30.915325398857885	57.85847090515556	1.0800659429483663	0.0	65.60000000000001
30.96245241928297	57.94666979373049	1.0800659429483663	0.0	65.7
31.009579439708055	58.03486868230542	1.0800659429483663	0.0	65.8
31.05670646013315	58.12306757088036	1.0800659429483663	0.0	65.9
31.103833480558233	58.21126645945529	1.0800659429483663	0.0	66.0
31.150960500983327	58.299465348030225	1.0800659429483663	0.0	66.10000000000001
31.19808752140841	58.387664236605154	1.0800659429483663	0.0	66.2
31.245214541833498	58.475863125180084	1.0800659429483663	0.0	66.3
31.29234156225859	58.56406201375502	1.0800659429483663	0.0	66.4
31.339468582683676	58.65226090232995	1.0800659429483663	0.0	66.5
31.386595603108766	58.740459790904886	1.0800659429483663	0.0	66.60000000000001
31.433722623533853	58.828658679479815	1.0800659429483663	0.0	66.7
31.48084964395894	58.916857568054745	1.0800659429483663	0.0	66.8
31.52797666438403	59.00505645662968	1.0800659429483663	0.0	66.9
31.575103684809118	59.09325534520461	1.0800659429483663	0.0	67.0
31.62223070523421	59.18145423377955	1.0800659429483663	0.0	67.10000000000001
31.669357725659296	59.26965312235448	1.0800659429483663	0.0	67.2
31.71648474608438	59.357852010929406	1.0800659429483663	0.0	67.3
31.763611766509474	59.44605089950434	1.0800659429483663	0.0	67.4
31.810738786934557	59.53424978807927	1.0800659429483663	0.0	67.5
31.85786580735965	59.62244867665421	1.0800659429483663	0.0	67.60000000000001
31.904992827784735	59.71064756522914	1.0800659429483663	0.0	67.7
31.952119848209822	59.79884645380407	1.0800659429483663	0.0	67.8
31.999246868634913	59.887045342379004	1.0800659429483663	0.0	67.9
32.04637388906	59.97524423095393	1.0800659429483663	0.0	68.0
32.093500909485094	60.06344311952887	1.0800659429483663	0.0	68.10000000000001
32.140627929910174	60.1516420081038	1.0800659429483663	0.0	68.2
32.18775495033526	60.23984089667873	1.0800659429483663	0.0	68.3
32.234881970760355	60.328039785253665	1.0800659429483663	0.0	68.4
32.28200899118544	60.416238673828595	1.0800659429483663	0.0	68.5
32.32913601161053	60.50443756240353	1.0800659429483663	0.0	68.60000000000001
32.37626303203562	60.59263645097846	1.0800659429483663	0.0	68.7
32.423390052460704	60.68083533955339	1.0800659429483663	0.0	68.8
32.4705170728858	60.769034228128326	1.0800659429483663	0.0	68.9
32.517644093310885	60.857233116703256	1.0800659429483663	0.0	69.0
32.56477111373597	60.94543200527819	1.0800659429483663	0.0	69.10000000000001
32.61189813416106	61.03363089385312	1.0800659429483663	0.0	69.2
32.659025154586146	61.12182978242805	1.0800659429483663	0.0	69.3
32.70615217501124	61.21002867100299	1.0800659429483663	0.0	69.4
32.75327919543632	61.29822755957792	1.0800659429483663	0.0	69.5
32.800406215861415	61.386426448152854	1.0800659429483663	0.0	69.60000000000001
32.8475332362865	61.47462533672778	1.0800659429483663	0.0	69.7
32.89466025671159	61.56282422530271	1.0800659429483663	0.0	69.8
32.941787277136676	61.65102311387765	1.0800659429483663	0.0	69.9
32.98891429756176	61.73922200245258	1.0800659429483663	0.0	70.0
33.03604131798686	61.827420891027515	1.0800659429483663	0.0	70.10000000000001
33.083168338411944	61.915619779602444	1.0800659429483663	0.0	70.2
33.130295358837024	62.003818668177374	1.0800659429483663	0.0	70.3
33.17742237926212	62.09201755675231	1.0800659429483663	0.0	70.4
33.224549399687206	62.18021644532724	1.0800659429483663	0.0	70.5
33.2716764201123	62.268415333902176	1.0800659429483663	0.0	70.60000000000001
33.31880344053738	62.356614222477106	1.0800659429483663	0.0	70.7
33.36593046096247	62.444813111052035	1.0800659429483663	0.0	70.8
33.41305748138756	62.53301199962697	1.0800659429483663	0.0	70.9
33.46018450181265	62.6212108882019	1.0800659429483663	0.0	71.0
33.507311522237735	62.70940977677684	1.0800659429483663	0.0	71.10000000000001
33.55443854266282	62.79760866535177	1.0800659429483663	0.0	71.2
33.60156556308791	62.885807553926696	1.0800659429483663	0.0	71.3
33.648692583513004	62.97400644250163	1.0800659429483663	0.0	71.4
33.69581960393809	63.06220533107656	1.0800659429483663	0.0	71.5
33.74294662436318	63.1504042196515	1.0800659429483663	0.0	71.60000000000001
33.790073644788265	63.23860310822643	1.0800659429483663	0.0	71.7
33.83720066521335	63.32680199680136	1.0800659429483663	0.0	71.8
33.884327685638446	63.415000885376294	1.0800659429483663	0.0	71.9
33.931454706063526	63.50319977395122	1.0800659429483663	0.0	72.0
33.97858172648862	63.59139866252616	1.0800659429483663	0.0	72.10000000000001
34.02570874691371	63.67959755110109	1.0800659429483663	0.0	72.2
34.072835767338795	63.76779643967602	1.0800659429483663	0.0	72.3
34.11996278776388	63.855995328250955	1.0800659429483663	0.0	72.4
34.16708980818897	63.944194216825885	1.0800659429483663	0.0	72.5
34.21421682861406	64.03239310540083	1.0800659429483663	0.0	72.60000000000001
34.26134384903915	64.12059199397575	1.0800659429483663	0.0	72.7
34.30847086946423	64.20879088255067	1.0800659429483663	0.0	72.8
34.355597889889324	64.29698977112562	1.0800659429483663	0.0	72.9
34.40272491031441	64.38518865970055	1.0800659429483663	0.0	73.0
34.449851930739506	64.47338754827548	1.0800659429483663	0.0	73.10000000000001
34.496978951164586	64.56158643685042	1.0800659429483663	0.0	73.2
34.54410597158967	64.64978532542534	1.0800659429483663	0.0	73.3
34.59123299201477	64.73798421400028	1.0800659429483663	0.0	73.4
34.638360012439854	64.82618310257521	1.0800659429483663	0.0	73.5
34.68548703286494	64.91438199115015	1.0800659429483663	0.0	73.60000000000001
34.73261405329003	65.00258087972507	1.0800659429483663	0.0	73.7
34.779741073715115	65.0907797683	1.0800659429483663	0.0	73.8
34.82686809414021	65.17897865687495	1.0800659429483663	0.0	73.9
34.8739951145653	65.26717754544987	1.0800659429483663	0.0	74.0
34.921122134990384	65.3553764340248	1.0800659429483663	0.0	74.10000000000001
34.96824915541547	65.44357532259974	1.0800659429483663	0.0	74.2
35.01537617584056	65.53177421117466	1.0800659429483663	0.0	74.3
35.06250319626565	65.6199730997496	1.0800659429483663	0.0	74.4
35.10963021669073	65.70817198832452	1.0800659429483663	0.0	74.5
35.156757237115826	65.79637087689947	1.0800659429483663	0.0	74.60000000000001
35.20388425754091	65.8845697654744	1.0800659429483663	0.0	74.7
35.251011277966	65.97276865404932	1.0800659429483663	0.0	74.8
35.29813829839109	66.06096754262427	1.0800659429483663	0.0	74.9
35.345265318816175	66.14916643119919	1.0800659429483663	0.0	75.0
35.39239233924127	66.23736531977413	1.0800659429483663	0.0	75.10000000000001
35.439519359666356	66.32556420834906	1.0800659429483663	0.0	75.2
35.486646380091436	66.41376309692399	1.0800659429483663	0.0	75.3
35.53377340051653	66.50196198549892	1.0800659429483663	0.0	75.4
35.58090042094162	66.59016087407386	1.0800659429483663	0.0	75.5
35.62802744136671	66.6783597626488	1.0800659429483663	0.0	75.60000000000001
35.67515446179179	66.76655865122372	1.0800659429483663	0.0	75.7
35.72228148221688	66.85475753979864	1.0800659429483663	0.0	75.8
35.76940850264197	66.94295642837359	1.0800659429483663	0.0	75.9
35.81653552306706	67.03115531694851	1.0800659429483663	0.0	76.0
35.86366254349215	67.11935420552345	1.0800659429483663	0.0	76.10000000000001
35.910789563917234	67.20755309409839	1.0800659429483663	0.0	76.2
35.95791658434232	67.29575198267331	1.0800659429483663	0.0	76.3
36.005043604767415	67.38395087124825	1.0800659429483663	0.0	76.4
36.0521706251925	67.47214975982317	1.0800659429483663	0.0	76.5
36.09929764561759	67.56034864839812	1.0800659429483663	0.0	76.60000000000001
36.14642466604268	67.64854753697304	1.0800659429483663	0.0	76.7
36.19355168646777	67.73674642554798	1.0800659429483663	0.0	76.80000000000001
36.24067870689286	67.82494531412291	1.0800659429483663	0.0	76.9
36.28780572731794	67.91314420269784	1.0800659429483663	0.0	77.0
36.33493274774303	68.00134309127277	1.0800659429483663	0.0	77.10000000000001
36.38205976816812	68.08954197984771	1.0800659429483663	0.0	77.2
36.42918678859321	68.17774086842265	1.0800659429483663	0.0	77.30000000000001
36.47631380901829	68.26593975699757	1.0800659429483663	0.0	77.4
36.52344082944338	68.3541386455725	1.0800659429483663	0.0	77.5
36.570567849868475	68.44233753414744	1.0800659429483663	0.0	77.60000000000001
36.61769487029356	68.53053642272236	1.0800659429483663	0.0	77.7
36.66482189071865	68.6187353112973	1.0800659429483663	0.0	77.80000000000001
36.711948911143736	68.70693419987224	1.0800659429483663	0.0	77.9
36.75907593156882	68.79513308844716	1.0800659429483663	0.0	78.0
36.80620295199392	68.8833319770221	1.0800659429483663	0.0	78.10000000000001
36.853329972419	68.97153086559703	1.0800659429483663	0.0	78.2
36.90045699284409	69.05972975417197	1.0800659429483663	0.0	78.30000000000001
36.94758401326918	69.14792864274689	1.0800659429483663	0.0	78.4
36.994711033694266	69.23612753132181	1.0800659429483663	0.0	78.5
37.04183805411935	69.32432641989676	1.0800659429483663	0.0	78.60000000000001
37.08896507454444	69.41252530847169	1.0800659429483663	0.0	78.7
37.136092094969534	69.50072419704662	1.0800659429483663	0.0	78.80000000000001
37.18321911539462	69.58892308562156	1.0800659429483663	0.0	78.9
37.23034613581971	69.67712197419648	1.0800659429483663	0.0	79.0
37.277473156244795	69.76532086277142	1.0800659429483663	0.0	79.10000000000001
37.32460017666988	69.85351975134635	1.0800659429483663	0.0	79.2
37.37172719709498	69.94171863992129	1.0800659429483663	0.0	79.30000000000001
37.418854217520064	70.02991752849621	1.0800659429483663	0.0	79.4
37.465981237945144	70.11811641707115	1.0800659429483663	0.0	79.5
37.51310825837024	70.20631530564609	1.0800659429483663	0.0	79.60000000000001
37.560235278795325	70.29451419422101	1.0800659429483663	0.0	79.7
37.60736229922042	70.38271308279595	1.0800659429483663	0.0	79.80000000000001
37.6544893196455	70.47091197137088	1.0800659429483663	0.0	79.9
37.701616340070586	70.5591108599458	1.0800659429483663	0.0	80.0
37.74874336049568	70.64730974852074	1.0800659429483663	0.0	80.10000000000001
37.79587038092077	70.73550863709568	1.0800659429483663	0.0	80.2
37.842997401345855	70.82370752567061	1.0800659429483663	0.0	80.30000000000001
37.89012442177094	70.91190641424554	1.0800659429483663	0.0	80.4
37.93725144219603	71.00010530282046	1.0800659429483663	0.0	80.5
37.98437846262112	71.08830419139541	1.0800659429483663	0.0	80.60000000000001
38.0315054830462	71.17650307997033	1.0800659429483663	0.0	80.7
38.0786325034713	71.26470196854527	1.0800659429483663	0.0	80.80000000000001
38.125759523896384	71.3529008571202	1.0800659429483663	0.0	80.9
38.17288654432147	71.44109974569513	1.0800659429483663	0.0	81.0
38.22001356474656	71.52929863427006	1.0800659429483663	0.0	81.10000000000001
38.267140585171646	71.617497522845	1.0800659429483663	0.0	81.2
38.31426760559674	71.70569641141994	1.0800659429483663	0.0	81.30000000000001
38.36139462602183	71.79389529999486	1.0800659429483663	0.0	81.4
38.408521646446914	71.8820941885698	1.0800659429483663	0.0	81.5
38.455648666872	71.97029307714473	1.0800659429483663	0.0	81.60000000000001
38.50277568729709	72.05849196571965	1.0800659429483663	0.0	81.7
38.54990270772218	72.14669085429459	1.0800659429483663	0.0	81.80000000000001
38.59702972814727	72.23488974286953	1.0800659429483663	0.0	81.9
38.64415674857235	72.32308863144445	1.0800659429483663	0.0	82.0
38.691283768997444	72.41128752001939	1.0800659429483663	0.0	82.10000000000001
38.73841078942253	72.49948640859432	1.0800659429483663	0.0	82.2
38.785537809847625	72.58768529716926	1.0800659429483663	0.0	82.30000000000001
38.832664830272705	72.67588418574418	1.0800659429483663	0.0	82.4
38.87979185069779	72.7640830743191	1.0800659429483663	0.0	82.5
38.926918871122886	72.85228196289405	1.0800659429483663	0.0	82.60000000000001
38.97404589154797	72.94048085146898	1.0800659429483663	0.0	82.7
39.02117291197306	73.02867974004391	1.0800659429483663	0.0	82.80000000000001
39.06829993239815	73.11687862861885	1.0800659429483663	0.0	82.9
39.115426952823235	73.20507751719377	1.0800659429483663	0.0	83.0
39.16255397324833	73.29327640576871	1.0800659429483663	0.0	83.10000000000001
39.20968099367341	73.38147529434364	1.0800659429483663	0.0	83.2
39.2568080140985	73.46967418291858	1.0800659429483663	0.0	83.30000000000001
39.30393503452359	73.5578730714935	1.0800659429483663	0.0	83.4
39.35106205494868	73.64607196006844	1.0800659429483663	0.0	83.5
39.398189075373764	73.73427084864338	1.0800659429483663	0.0	83.60000000000001
39.44531609579885	73.8224697372183	1.0800659429483663	0.0	83.7
39.492443116223946	73.91066862579324	1.0800659429483663	0.0	83.80000000000001
39.53957013664903	73.99886751436817	1.0800659429483663	0.0	83.9
39.58669715707412	74.0870664029431	1.0800659429483663	0.0	84.0
39.63382417749921	74.17526529151803	1.0800659429483663	0.0	84.10000000000001
39.680951197924294	74.26346418009297	1.0800659429483663	0.0	84.2
39.72807821834939	74.3516630686679	1.0800659429483663	0.0	84.30000000000001
39.775205238774475	74.43986195724283	1.0800659429483663	0.0	84.4
39.822332259199555	74.52806084581775	1.0800659429483663	0.0	84.5
39.86945927962465	74.6162597343927	1.0800659429483663	0.0	84.60000000000001
39.91658630004974	74.70445862296762	1.0800659429483663	0.0	84.7
