36.7542	81.7135	-2.071585511220561	0.0	0.0
36.706188203627356	81.62577960665232	-2.071585511220561	0.0	0.1
36.65817640725472	81.53805921330463	-2.071585511220561	0.0	0.2
36.61016461088208	81.45033881995695	-2.071585511220561	0.0	0.30000000000000004
36.56215281450944	81.36261842660926	-2.071585511220561	0.0	0.4
36.5141410181368	81.27489803326158	-2.071585511220561	0.0	0.5
36.46612922176416	81.1871776399139	-2.071585511220561	0.0	0.6000000000000001
36.41811742539152	81.09945724656622	-2.071585511220561	0.0	0.7000000000000001
36.37010562901888	81.01173685321854	-2.071585511220561	0.0	0.8
36.32209383264624	80.92401645987086	-2.071585511220561	0.0	0.9
36.274082036273605	80.83629606652316	-2.071585511220561	0.0	1.0
36.22607023990096	80.74857567317548	-2.071585511220561	0.0	1.1
36.17805844352832	80.6608552798278	-2.071585511220561	0.0	1.2000000000000002
36.13004664715568	80.57313488648012	-2.071585511220561	0.0	1.3
36.082034850783046	80.48541449313244	-2.071585511220561	0.0	1.4000000000000001
36.034023054410405	80.39769409978476	-2.071585511220561	0.0	1.5
35.98601125803776	80.30997370643708	-2.071585511220561	0.0	1.6
35.93799946166512	80.22225331308938	-2.071585511220561	0.0	1.7000000000000002
35.88998766529249	80.1345329197417	-2.071585511220561	0.0	1.8
35.841975868919846	80.04681252639402	-2.071585511220561	0.0	1.9000000000000001
35.793964072547205	79.95909213304634	-2.071585511220561	0.0	2.0
35.74595227617457	79.87137173969866	-2.071585511220561	0.0	2.1
35.69794047980193	79.78365134635098	-2.071585511220561	0.0	2.2
35.64992868342929	79.69593095300328	-2.071585511220561	0.0	2.3000000000000003
35.601916887056646	79.6082105596556	-2.071585511220561	0.0	2.4000000000000004
35.55390509068401	79.52049016630792	-2.071585511220561	0.0	2.5
35.50589329431137	79.43276977296024	-2.071585511220561	0.0	2.6
35.45788149793873	79.34504937961256	-2.071585511220561	0.0	2.7
35.40986970156609	79.25732898626488	-2.071585511220561	0.0	2.8000000000000003
35.36185790519345	79.1696085929172	-2.071585511220561	0.0	2.9000000000000004
35.31384610882081	79.0818881995695	-2.071585511220561	0.0	3.0
35.26583431244817	78.99416780622182	-2.071585511220561	0.0	3.1
35.21782251607553	78.90644741287414	-2.071585511220561	0.0	3.2
35.169810719702895	78.81872701952646	-2.071585511220561	0.0	3.3000000000000003
35.12179892333025	78.73100662617878	-2.071585511220561	0.0	3.4000000000000004
35.07378712695761	78.6432862328311	-2.071585511220561	0.0	3.5
35.02577533058498	78.55556583948342	-2.071585511220561	0.0	3.6
34.977763534212336	78.46784544613573	-2.071585511220561	0.0	3.7
34.929751737839695	78.38012505278805	-2.071585511220561	0.0	3.8000000000000003
34.88173994146705	78.29240465944036	-2.071585511220561	0.0	3.9000000000000004
34.83372814509442	78.20468426609268	-2.071585511220561	0.0	4.0
34.78571634872178	78.116963872745	-2.071585511220561	0.0	4.1000000000000005
34.737704552349136	78.02924347939732	-2.071585511220561	0.0	4.2
34.689692755976495	77.94152308604963	-2.071585511220561	0.0	4.3
34.64168095960386	77.85380269270195	-2.071585511220561	0.0	4.4
34.59366916323122	77.76608229935427	-2.071585511220561	0.0	4.5
34.54565736685858	77.67836190600659	-2.071585511220561	0.0	4.6000000000000005
34.497645570485936	77.5906415126589	-2.071585511220561	0.0	4.7
34.4496337741133	77.50292111931122	-2.071585511220561	0.0	4.800000000000001
34.40162197774066	77.41520072596353	-2.071585511220561	0.0	4.9
34.35361018136802	77.32748033261585	-2.071585511220561	0.0	5.0
34.30559838499538	77.23975993926817	-2.071585511220561	0.0	5.1000000000000005
34.25758658862274	77.15203954592049	-2.071585511220561	0.0	5.2
34.2095747922501	77.0643191525728	-2.071585511220561	0.0	5.300000000000001
34.16156299587746	76.97659875922513	-2.071585511220561	0.0	5.4
34.113551199504826	76.88887836587745	-2.071585511220561	0.0	5.5
34.065539403132185	76.80115797252975	-2.071585511220561	0.0	5.6000000000000005
34.01752760675954	76.71343757918207	-2.071585511220561	0.0	5.7
33.9695158103869	76.62571718583439	-2.071585511220561	0.0	5.800000000000001
33.92150401401427	76.53799679248671	-2.071585511220561	0.0	5.9
33.873492217641626	76.45027639913903	-2.071585511220561	0.0	6.0
33.825480421268985	76.36255600579135	-2.071585511220561	0.0	6.1000000000000005
33.77746862489634	76.27483561244367	-2.071585511220561	0.0	6.2
33.72945682852371	76.18711521909597	-2.071585511220561	0.0	6.300000000000001
33.68144503215107	76.09939482574829	-2.071585511220561	0.0	6.4
33.633433235778426	76.01167443240061	-2.071585511220561	0.0	6.5
33.585421439405785	75.92395403905293	-2.071585511220561	0.0	6.6000000000000005
33.53740964303315	75.83623364570525	-2.071585511220561	0.0	6.7
33.48939784666051	75.74851325235757	-2.071585511220561	0.0	6.800000000000001
33.44138605028787	75.66079285900987	-2.071585511220561	0.0	6.9
33.39337425391523	75.5730724656622	-2.071585511220561	0.0	7.0
33.34536245754259	75.48535207231451	-2.071585511220561	0.0	7.1000000000000005
33.29735066116995	75.39763167896683	-2.071585511220561	0.0	7.2
33.24933886479731	75.30991128561915	-2.071585511220561	0.0	7.300000000000001
33.201327068424675	75.22219089227147	-2.071585511220561	0.0	7.4
33.15331527205203	75.13447049892379	-2.071585511220561	0.0	7.5
33.10530347567939	75.0467501055761	-2.071585511220561	0.0	7.6000000000000005
33.05729167930675	74.95902971222841	-2.071585511220561	0.0	7.7
33.009279882934116	74.87130931888073	-2.071585511220561	0.0	7.800000000000001
32.961268086561475	74.78358892553305	-2.071585511220561	0.0	7.9
32.91325629018883	74.69586853218537	-2.071585511220561	0.0	8.0
32.86524449381619	74.60814813883769	-2.071585511220561	0.0	8.1
32.81723269744356	74.52042774549	-2.071585511220561	0.0	8.200000000000001
32.769220901070916	74.43270735214232	-2.071585511220561	0.0	8.3
32.721209104698275	74.34498695879464	-2.071585511220561	0.0	8.4
32.67319730832564	74.25726656544695	-2.071585511220561	0.0	8.5
32.625185511953	74.16954617209927	-2.071585511220561	0.0	8.6
32.57717371558036	74.0818257787516	-2.071585511220561	0.0	8.700000000000001
32.529161919207716	73.99410538540391	-2.071585511220561	0.0	8.8
32.481150122835075	73.90638499205622	-2.071585511220561	0.0	8.9
32.43313832646244	73.81866459870854	-2.071585511220561	0.0	9.0
32.3851265300898	73.73094420536086	-2.071585511220561	0.0	9.1
32.33711473371716	73.64322381201318	-2.071585511220561	0.0	9.200000000000001
32.28910293734452	73.5555034186655	-2.071585511220561	0.0	9.3
32.24109114097188	73.46778302531781	-2.071585511220561	0.0	9.4
32.19307934459924	73.38006263197013	-2.071585511220561	0.0	9.5
32.1450675482266	73.29234223862244	-2.071585511220561	0.0	9.600000000000001
32.097055751853965	73.20462184527476	-2.071585511220561	0.0	9.700000000000001
32.049043955481324	73.11690145192708	-2.071585511220561	0.0	9.8
32.00103215910868	73.0291810585794	-2.071585511220561	0.0	9.9
31.953020362736044	72.94146066523172	-2.071585511220561	0.0	10.0
31.905008566363403	72.85374027188402	-2.071585511220561	0.0	10.100000000000001
31.856996769990765	72.76601987853634	-2.071585511220561	0.0	10.200000000000001
31.808984973618124	72.67829948518866	-2.071585511220561	0.0	10.3
31.760973177245486	72.59057909184098	-2.071585511220561	0.0	10.4
31.712961380872848	72.5028586984933	-2.071585511220561	0.0	10.5
31.664949584500206	72.41513830514562	-2.071585511220561	0.0	10.600000000000001
31.616937788127565	72.32741791179794	-2.071585511220561	0.0	10.700000000000001
31.568925991754927	72.23969751845024	-2.071585511220561	0.0	10.8
31.52091419538229	72.15197712510256	-2.071585511220561	0.0	10.9
31.472902399009648	72.06425673175488	-2.071585511220561	0.0	11.0
31.424890602637007	71.9765363384072	-2.071585511220561	0.0	11.100000000000001
31.37687880626437	71.88881594505952	-2.071585511220561	0.0	11.200000000000001
31.32886700989173	71.80109555171184	-2.071585511220561	0.0	11.3
31.28085521351909	71.71337515836416	-2.071585511220561	0.0	11.4
31.23284341714645	71.62565476501646	-2.071585511220561	0.0	11.5
31.18483162077381	71.53793437166878	-2.071585511220561	0.0	11.600000000000001
31.136819824401172	71.4502139783211	-2.071585511220561	0.0	11.700000000000001
31.08880802802853	71.36249358497342	-2.071585511220561	0.0	11.8
31.040796231655893	71.27477319162574	-2.071585511220561	0.0	11.9
30.992784435283255	71.18705279827806	-2.071585511220561	0.0	12.0
30.944772638910614	71.09933240493038	-2.071585511220561	0.0	12.100000000000001
30.896760842537972	71.01161201158268	-2.071585511220561	0.0	12.200000000000001
30.848749046165334	70.923891618235	-2.071585511220561	0.0	12.3
30.800737249792697	70.83617122488732	-2.071585511220561	0.0	12.4
30.752725453420055	70.74845083153964	-2.071585511220561	0.0	12.5
30.704713657047414	70.66073043819196	-2.071585511220561	0.0	12.600000000000001
30.656701860674776	70.57301004484428	-2.071585511220561	0.0	12.700000000000001
30.608690064302138	70.4852896514966	-2.071585511220561	0.0	12.8
30.560678267929497	70.3975692581489	-2.071585511220561	0.0	12.9
30.51266647155686	70.30984886480122	-2.071585511220561	0.0	13.0
30.464654675184217	70.22212847145354	-2.071585511220561	0.0	13.100000000000001
30.41664287881158	70.13440807810586	-2.071585511220561	0.0	13.200000000000001
30.368631082438938	70.04668768475818	-2.071585511220561	0.0	13.3
30.3206192860663	69.9589672914105	-2.071585511220561	0.0	13.4
30.272607489693662	69.87124689806281	-2.071585511220561	0.0	13.5
30.22459569332102	69.78352650471513	-2.071585511220561	0.0	13.600000000000001
30.17658389694838	69.69580611136745	-2.071585511220561	0.0	13.700000000000001
30.12857210057574	69.60808571801977	-2.071585511220561	0.0	13.8
30.080560304203104	69.52036532467208	-2.071585511220561	0.0	13.9
30.032548507830462	69.4326449313244	-2.071585511220561	0.0	14.0
29.98453671145782	69.34492453797671	-2.071585511220561	0.0	14.100000000000001
29.936524915085183	69.25720414462903	-2.071585511220561	0.0	14.200000000000001
29.888513118712545	69.16948375128135	-2.071585511220561	0.0	14.3
29.840501322339904	69.08176335793367	-2.071585511220561	0.0	14.4
29.792489525967266	68.99404296458599	-2.071585511220561	0.0	14.5
29.744477729594625	68.9063225712383	-2.071585511220561	0.0	14.600000000000001
29.696465933221987	68.81860217789063	-2.071585511220561	0.0	14.700000000000001
29.648454136849345	68.73088178454293	-2.071585511220561	0.0	14.8
29.600442340476707	68.64316139119525	-2.071585511220561	0.0	14.9
29.55243054410407	68.55544099784757	-2.071585511220561	0.0	15.0
29.504418747731428	68.46772060449989	-2.071585511220561	0.0	15.100000000000001
29.456406951358787	68.38000021115221	-2.071585511220561	0.0	15.200000000000001
29.40839515498615	68.29227981780453	-2.071585511220561	0.0	15.3
29.36038335861351	68.20455942445685	-2.071585511220561	0.0	15.4
29.31237156224087	68.11683903110915	-2.071585511220561	0.0	15.5
29.264359765868228	68.02911863776147	-2.071585511220561	0.0	15.600000000000001
29.21634796949559	67.94139824441379	-2.071585511220561	0.0	15.700000000000001
29.168336173122952	67.85367785106611	-2.071585511220561	0.0	15.8
29.12032437675031	67.76595745771843	-2.071585511220561	0.0	15.9
29.072312580377673	67.67823706437075	-2.071585511220561	0.0	16.0
29.02430078400503	67.59051667102305	-2.071585511220561	0.0	16.1
28.976288987632394	67.50279627767537	-2.071585511220561	0.0	16.2
28.928277191259752	67.41507588432769	-2.071585511220561	0.0	16.3
28.88026539488711	67.32735549098001	-2.071585511220561	0.0	16.400000000000002
28.832253598514477	67.23963509763233	-2.071585511220561	0.0	16.5
28.784241802141835	67.15191470428465	-2.071585511220561	0.0	16.6
28.736230005769194	67.06419431093697	-2.071585511220561	0.0	16.7
28.688218209396556	66.97647391758927	-2.071585511220561	0.0	16.8
28.640206413023915	66.8887535242416	-2.071585511220561	0.0	16.900000000000002
28.592194616651277	66.80103313089391	-2.071585511220561	0.0	17.0
28.544182820278635	66.71331273754623	-2.071585511220561	0.0	17.1
28.496171023905998	66.62559234419855	-2.071585511220561	0.0	17.2
28.44815922753336	66.53787195085087	-2.071585511220561	0.0	17.3
28.40014743116072	66.45015155750318	-2.071585511220561	0.0	17.400000000000002
28.352135634788077	66.3624311641555	-2.071585511220561	0.0	17.5
28.30412383841544	66.27471077080781	-2.071585511220561	0.0	17.6
28.2561120420428	66.18699037746013	-2.071585511220561	0.0	17.7
28.20810024567016	66.09926998411245	-2.071585511220561	0.0	17.8
28.16008844929752	66.01154959076477	-2.071585511220561	0.0	17.900000000000002
28.112076652924884	65.92382919741709	-2.071585511220561	0.0	18.0
28.064064856552243	65.8361088040694	-2.071585511220561	0.0	18.1
28.0160530601796	65.74838841072172	-2.071585511220561	0.0	18.2
27.968041263806963	65.66066801737404	-2.071585511220561	0.0	18.3
27.920029467434322	65.57294762402636	-2.071585511220561	0.0	18.400000000000002
27.872017671061684	65.48522723067867	-2.071585511220561	0.0	18.5
27.824005874689043	65.39750683733098	-2.071585511220561	0.0	18.6
27.775994078316405	65.30978644398331	-2.071585511220561	0.0	18.7
27.727982281943767	65.22206605063562	-2.071585511220561	0.0	18.8
27.679970485571125	65.13434565728794	-2.071585511220561	0.0	18.900000000000002
27.631958689198484	65.04662526394026	-2.071585511220561	0.0	19.0
27.583946892825846	64.95890487059258	-2.071585511220561	0.0	19.1
27.53593509645321	64.8711844772449	-2.071585511220561	0.0	19.200000000000003
27.487923300080567	64.7834640838972	-2.071585511220561	0.0	19.3
27.439911503707926	64.69574369054952	-2.071585511220561	0.0	19.400000000000002
27.39189970733529	64.60802329720184	-2.071585511220561	0.0	19.5
27.34388791096265	64.52030290385416	-2.071585511220561	0.0	19.6
27.29587611459001	64.43258251050648	-2.071585511220561	0.0	19.700000000000003
27.24786431821737	64.3448621171588	-2.071585511220561	0.0	19.8
27.19985252184473	64.25714172381112	-2.071585511220561	0.0	19.900000000000002
27.15184072547209	64.16942133046342	-2.071585511220561	0.0	20.0
27.10382892909945	64.08170093711574	-2.071585511220561	0.0	20.1
27.05581713272681	63.99398054376806	-2.071585511220561	0.0	20.200000000000003
27.007805336354174	63.90626015042038	-2.071585511220561	0.0	20.3
26.959793539981533	63.8185397570727	-2.071585511220561	0.0	20.400000000000002
26.91178174360889	63.73081936372502	-2.071585511220561	0.0	20.5
26.863769947236253	63.64309897037733	-2.071585511220561	0.0	20.6
26.815758150863616	63.55537857702964	-2.071585511220561	0.0	20.700000000000003
26.767746354490974	63.46765818368196	-2.071585511220561	0.0	20.8
26.719734558118333	63.37993779033428	-2.071585511220561	0.0	20.900000000000002
26.671722761745695	63.2922173969866	-2.071585511220561	0.0	21.0
26.623710965373057	63.20449700363892	-2.071585511220561	0.0	21.1
26.575699169000416	63.11677661029123	-2.071585511220561	0.0	21.200000000000003
26.527687372627774	63.02905621694355	-2.071585511220561	0.0	21.3
26.479675576255136	62.941335823595864	-2.071585511220561	0.0	21.400000000000002
26.4316637798825	62.85361543024818	-2.071585511220561	0.0	21.5
26.383651983509857	62.7658950369005	-2.071585511220561	0.0	21.6
26.335640187137216	62.67817464355282	-2.071585511220561	0.0	21.700000000000003
26.28762839076458	62.59045425020514	-2.071585511220561	0.0	21.8
26.23961659439194	62.50273385685745	-2.071585511220561	0.0	21.900000000000002
26.1916047980193	62.41501346350977	-2.071585511220561	0.0	22.0
26.14359300164666	62.327293070162085	-2.071585511220561	0.0	22.1
26.09558120527402	62.239572676814404	-2.071585511220561	0.0	22.200000000000003
26.04756940890138	62.151852283466724	-2.071585511220561	0.0	22.3
25.99955761252874	62.06413189011904	-2.071585511220561	0.0	22.400000000000002
25.951545816156102	61.97641149677136	-2.071585511220561	0.0	22.5
25.903534019783464	61.888691103423675	-2.071585511220561	0.0	22.6
25.855522223410823	61.80097071007599	-2.071585511220561	0.0	22.700000000000003
25.80751042703818	61.713250316728306	-2.071585511220561	0.0	22.8
25.759498630665544	61.625529923380626	-2.071585511220561	0.0	22.900000000000002
25.711486834292906	61.537809530032945	-2.071585511220561	0.0	23.0
25.663475037920264	61.450089136685264	-2.071585511220561	0.0	23.1
25.615463241547623	61.362368743337576	-2.071585511220561	0.0	23.200000000000003
25.56745144517499	61.274648349989896	-2.071585511220561	0.0	23.3
25.519439648802347	61.18692795664221	-2.071585511220561	0.0	23.400000000000002
25.471427852429706	61.09920756329453	-2.071585511220561	0.0	23.5
25.423416056057068	61.01148716994685	-2.071585511220561	0.0	23.6
25.375404259684426	60.923766776599166	-2.071585511220561	0.0	23.700000000000003
25.32739246331179	60.836046383251485	-2.071585511220561	0.0	23.8
25.279380666939147	60.7483259899038	-2.071585511220561	0.0	23.900000000000002
25.23136887056651	60.66060559655612	-2.071585511220561	0.0	24.0
25.18335707419387	60.57288520320843	-2.071585511220561	0.0	24.1
25.13534527782123	60.48516480986075	-2.071585511220561	0.0	24.200000000000003
25.08733348144859	60.39744441651307	-2.071585511220561	0.0	24.3
25.03932168507595	60.30972402316539	-2.071585511220561	0.0	24.400000000000002
24.991309888703313	60.222003629817706	-2.071585511220561	0.0	24.5
24.94329809233067	60.13428323647002	-2.071585511220561	0.0	24.6
24.89528629595803	60.04656284312233	-2.071585511220561	0.0	24.700000000000003
24.847274499585396	59.95884244977465	-2.071585511220561	0.0	24.8
24.799262703212754	59.87112205642697	-2.071585511220561	0.0	24.900000000000002
24.751250906840113	59.78340166307929	-2.071585511220561	0.0	25.0
24.703239110467475	59.69568126973161	-2.071585511220561	0.0	25.1
24.655227314094834	59.60796087638392	-2.071585511220561	0.0	25.200000000000003
24.607215517722196	59.52024048303624	-2.071585511220561	0.0	25.3
24.559203721349554	59.43252008968855	-2.071585511220561	0.0	25.400000000000002
24.511191924976917	59.34479969634087	-2.071585511220561	0.0	25.5
24.46318012860428	59.25707930299319	-2.071585511220561	0.0	25.6
24.415168332231637	59.16935890964551	-2.071585511220561	0.0	25.700000000000003
24.367156535858996	59.08163851629783	-2.071585511220561	0.0	25.8
24.319144739486358	58.99391812295014	-2.071585511220561	0.0	25.900000000000002
24.27113294311372	58.90619772960246	-2.071585511220561	0.0	26.0
24.22312114674108	58.81847733625477	-2.071585511220561	0.0	26.1
24.175109350368437	58.73075694290709	-2.071585511220561	0.0	26.200000000000003
24.1270975539958	58.64303654955941	-2.071585511220561	0.0	26.3
24.07908575762316	58.55531615621173	-2.071585511220561	0.0	26.400000000000002
24.03107396125052	58.46759576286405	-2.071585511220561	0.0	26.5
23.98306216487788	58.37987536951636	-2.071585511220561	0.0	26.6
23.93505036850524	58.292154976168675	-2.071585511220561	0.0	26.700000000000003
23.887038572132603	58.204434582820994	-2.071585511220561	0.0	26.8
23.83902677575996	58.11671418947331	-2.071585511220561	0.0	26.900000000000002
23.791014979387324	58.02899379612563	-2.071585511220561	0.0	27.0
23.743003183014686	57.94127340277795	-2.071585511220561	0.0	27.1
23.694991386642045	57.853553009430264	-2.071585511220561	0.0	27.200000000000003
23.646979590269403	57.76583261608258	-2.071585511220561	0.0	27.3
23.598967793896765	57.678112222734896	-2.071585511220561	0.0	27.400000000000002
23.550955997524127	57.590391829387215	-2.071585511220561	0.0	27.5
23.502944201151486	57.502671436039535	-2.071585511220561	0.0	27.6
23.454932404778845	57.414951042691854	-2.071585511220561	0.0	27.700000000000003
23.406920608406207	57.327230649344166	-2.071585511220561	0.0	27.8
23.35890881203357	57.23951025599648	-2.071585511220561	0.0	27.900000000000002
23.310897015660927	57.1517898626488	-2.071585511220561	0.0	28.0
23.262885219288286	57.06406946930112	-2.071585511220561	0.0	28.1
23.214873422915648	56.976349075953436	-2.071585511220561	0.0	28.200000000000003
23.16686162654301	56.888628682605756	-2.071585511220561	0.0	28.3
23.11884983017037	56.80090828925807	-2.071585511220561	0.0	28.400000000000002
23.07083803379773	56.71318789591039	-2.071585511220561	0.0	28.5
23.022826237425093	56.6254675025627	-2.071585511220561	0.0	28.6
22.97481444105245	56.53774710921502	-2.071585511220561	0.0	28.700000000000003
22.92680264467981	56.45002671586734	-2.071585511220561	0.0	28.8
22.878790848307172	56.36230632251966	-2.071585511220561	0.0	28.900000000000002
22.830779051934535	56.27458592917198	-2.071585511220561	0.0	29.0
22.782767255561893	56.18686553582429	-2.071585511220561	0.0	29.1
22.734755459189252	56.0991451424766	-2.071585511220561	0.0	29.200000000000003
22.686743662816614	56.01142474912892	-2.071585511220561	0.0	29.3
22.638731866443976	55.92370435578124	-2.071585511220561	0.0	29.400000000000002
22.590720070071335	55.83598396243356	-2.071585511220561	0.0	29.5
22.542708273698693	55.74826356908588	-2.071585511220561	0.0	29.6
22.494696477326055	55.66054317573819	-2.071585511220561	0.0	29.700000000000003
22.446684680953418	55.57282278239051	-2.071585511220561	0.0	29.8
22.398672884580776	55.48510238904282	-2.071585511220561	0.0	29.900000000000002
22.35066108820814	55.39738199569514	-2.071585511220561	0.0	30.0
22.302649291835497	55.30966160234746	-2.071585511220561	0.0	30.1
22.25463749546286	55.22194120899978	-2.071585511220561	0.0	30.200000000000003
22.206625699090218	55.1342208156521	-2.071585511220561	0.0	30.3
22.158613902717576	55.04650042230441	-2.071585511220561	0.0	30.400000000000002
22.110602106344942	54.95878002895673	-2.071585511220561	0.0	30.5
22.0625903099723	54.87105963560904	-2.071585511220561	0.0	30.6
22.01457851359966	54.78333924226136	-2.071585511220561	0.0	30.700000000000003
21.96656671722702	54.69561884891368	-2.071585511220561	0.0	30.8
21.918554920854383	54.607898455566	-2.071585511220561	0.0	30.900000000000002
21.870543124481742	54.52017806221832	-2.071585511220561	0.0	31.0
21.8225313281091	54.43245766887063	-2.071585511220561	0.0	31.1
21.774519531736463	54.344737275522945	-2.071585511220561	0.0	31.200000000000003
21.726507735363825	54.257016882175265	-2.071585511220561	0.0	31.3
21.678495938991183	54.169296488827584	-2.071585511220561	0.0	31.400000000000002
21.630484142618545	54.0815760954799	-2.071585511220561	0.0	31.5
21.582472346245904	53.99385570213222	-2.071585511220561	0.0	31.6
21.534460549873266	53.906135308784535	-2.071585511220561	0.0	31.700000000000003
21.486448753500625	53.818414915436854	-2.071585511220561	0.0	31.8
21.438436957127983	53.730694522089166	-2.071585511220561	0.0	31.900000000000002
21.39042516075535	53.642974128741486	-2.071585511220561	0.0	32.0
21.342413364382708	53.555253735393805	-2.071585511220561	0.0	32.1
21.294401568010066	53.467533342046124	-2.071585511220561	0.0	32.2
21.246389771637425	53.37981294869844	-2.071585511220561	0.0	32.300000000000004
21.19837797526479	53.29209255535076	-2.071585511220561	0.0	32.4
21.15036617889215	53.204372162003075	-2.071585511220561	0.0	32.5
21.102354382519508	53.11665176865539	-2.071585511220561	0.0	32.6
21.05434258614687	53.02893137530771	-2.071585511220561	0.0	32.7
21.00633078977423	52.941210981960026	-2.071585511220561	0.0	32.800000000000004
20.95831899340159	52.853490588612345	-2.071585511220561	0.0	32.9
20.910307197028953	52.765770195264665	-2.071585511220561	0.0	33.0
20.86229540065631	52.67804980191698	-2.071585511220561	0.0	33.1
20.814283604283673	52.59032940856929	-2.071585511220561	0.0	33.2
20.766271807911032	52.50260901522161	-2.071585511220561	0.0	33.300000000000004
20.718260011538394	52.41488862187393	-2.071585511220561	0.0	33.4
20.670248215165753	52.32716822852625	-2.071585511220561	0.0	33.5
20.622236418793115	52.23944783517857	-2.071585511220561	0.0	33.6
20.574224622420473	52.15172744183088	-2.071585511220561	0.0	33.7
20.526212826047832	52.06400704848319	-2.071585511220561	0.0	33.800000000000004
20.478201029675198	51.97628665513552	-2.071585511220561	0.0	33.9
20.430189233302556	51.88856626178783	-2.071585511220561	0.0	34.0
20.382177436929915	51.80084586844015	-2.071585511220561	0.0	34.1
20.334165640557277	51.71312547509247	-2.071585511220561	0.0	34.2
20.286153844184636	51.62540508174478	-2.071585511220561	0.0	34.300000000000004
20.238142047811998	51.53768468839711	-2.071585511220561	0.0	34.4
20.19013025143936	51.44996429504942	-2.071585511220561	0.0	34.5
20.14211845506672	51.36224390170173	-2.071585511220561	0.0	34.6
20.094106658694077	51.27452350835405	-2.071585511220561	0.0	34.7
20.04609486232144	51.18680311500637	-2.071585511220561	0.0	34.800000000000004
19.9980830659488	51.09908272165869	-2.071585511220561	0.0	34.9
19.95007126957616	51.01136232831101	-2.071585511220561	0.0	35.0
19.902059473203522	50.92364193496332	-2.071585511220561	0.0	35.1
19.85404767683088	50.83592154161563	-2.071585511220561	0.0	35.2
19.80603588045824	50.74820114826795	-2.071585511220561	0.0	35.300000000000004
19.758024084085605	50.66048075492027	-2.071585511220561	0.0	35.4
19.710012287712964	50.57276036157259	-2.071585511220561	0.0	35.5
19.662000491340322	50.48503996822491	-2.071585511220561	0.0	35.6
19.613988694967684	50.39731957487722	-2.071585511220561	0.0	35.7
19.565976898595043	50.309599181529535	-2.071585511220561	0.0	35.800000000000004
19.517965102222405	50.22187878818186	-2.071585511220561	0.0	35.9
19.469953305849767	50.134158394834174	-2.071585511220561	0.0	36.0
19.421941509477126	50.04643800148649	-2.071585511220561	0.0	36.1
19.373929713104484	49.95871760813881	-2.071585511220561	0.0	36.2
19.325917916731846	49.870997214791124	-2.071585511220561	0.0	36.300000000000004
19.27790612035921	49.78327682144345	-2.071585511220561	0.0	36.4
19.229894323986567	49.69555642809576	-2.071585511220561	0.0	36.5
19.18188252761393	49.607836034748075	-2.071585511220561	0.0	36.6
19.133870731241288	49.520115641400395	-2.071585511220561	0.0	36.7
19.085858934868646	49.43239524805271	-2.071585511220561	0.0	36.800000000000004
19.037847138496012	49.34467485470503	-2.071585511220561	0.0	36.9
18.98983534212337	49.256954461357346	-2.071585511220561	0.0	37.0
18.94182354575073	49.169234068009665	-2.071585511220561	0.0	37.1
18.89381174937809	49.08151367466198	-2.071585511220561	0.0	37.2
18.84579995300545	48.9937932813143	-2.071585511220561	0.0	37.300000000000004
18.797788156632812	48.906072887966616	-2.071585511220561	0.0	37.4
18.749776360260174	48.818352494618935	-2.071585511220561	0.0	37.5
18.701764563887533	48.73063210127125	-2.071585511220561	0.0	37.6
18.65375276751489	48.64291170792357	-2.071585511220561	0.0	37.7
18.605740971142254	48.55519131457588	-2.071585511220561	0.0	37.800000000000004
18.557729174769616	48.467470921228205	-2.071585511220561	0.0	37.9
18.509717378396974	48.37975052788052	-2.071585511220561	0.0	38.0
18.461705582024337	48.29203013453284	-2.071585511220561	0.0	38.1
18.413693785651695	48.20430974118515	-2.071585511220561	0.0	38.2
18.365681989279054	48.11658934783747	-2.071585511220561	0.0	38.300000000000004
18.317670192906416	48.02886895448978	-2.071585511220561	0.0	38.400000000000006
18.269658396533778	47.94114856114211	-2.071585511220561	0.0	38.5
18.221646600161137	47.85342816779442	-2.071585511220561	0.0	38.6
18.1736348037885	47.76570777444674	-2.071585511220561	0.0	38.7
18.125623007415857	47.67798738109905	-2.071585511220561	0.0	38.800000000000004
18.077611211043216	47.59026698775137	-2.071585511220561	0.0	38.900000000000006
18.02959941467058	47.50254659440369	-2.071585511220561	0.0	39.0
17.98158761829794	47.41482620105601	-2.071585511220561	0.0	39.1
17.9335758219253	47.32710580770832	-2.071585511220561	0.0	39.2
17.88556402555266	47.23938541436064	-2.071585511220561	0.0	39.300000000000004
17.83755222918002	47.15166502101295	-2.071585511220561	0.0	39.400000000000006
17.78954043280738	47.06394462766528	-2.071585511220561	0.0	39.5
17.741528636434744	46.97622423431759	-2.071585511220561	0.0	39.6
17.693516840062102	46.88850384096991	-2.071585511220561	0.0	39.7
17.64550504368946	46.80078344762222	-2.071585511220561	0.0	39.800000000000004
17.597493247316823	46.71306305427454	-2.071585511220561	0.0	39.900000000000006
17.549481450944185	46.62534266092686	-2.071585511220561	0.0	40.0
17.501469654571544	46.53762226757918	-2.071585511220561	0.0	40.1
17.453457858198906	46.44990187423149	-2.071585511220561	0.0	40.2
17.405446061826265	46.36218148088381	-2.071585511220561	0.0	40.300000000000004
17.357434265453623	46.274461087536125	-2.071585511220561	0.0	40.400000000000006
17.30942246908099	46.18674069418845	-2.071585511220561	0.0	40.5
17.261410672708347	46.09902030084076	-2.071585511220561	0.0	40.6
17.213398876335706	46.01129990749308	-2.071585511220561	0.0	40.7
17.165387079963068	45.923579514145395	-2.071585511220561	0.0	40.800000000000004
17.117375283590427	45.835859120797714	-2.071585511220561	0.0	40.900000000000006
17.06936348721779	45.74813872745003	-2.071585511220561	0.0	41.0
17.02135169084515	45.66041833410235	-2.071585511220561	0.0	41.1
16.97333989447251	45.572697940754665	-2.071585511220561	0.0	41.2
16.925328098099868	45.484977547406984	-2.071585511220561	0.0	41.300000000000004
16.87731630172723	45.3972571540593	-2.071585511220561	0.0	41.400000000000006
16.829304505354592	45.30953676071162	-2.071585511220561	0.0	41.5
16.78129270898195	45.221816367363935	-2.071585511220561	0.0	41.6
16.73328091260931	45.134095974016255	-2.071585511220561	0.0	41.7
16.68526911623667	45.04637558066857	-2.071585511220561	0.0	41.800000000000004
16.63725731986403	44.958655187320886	-2.071585511220561	0.0	41.900000000000006
16.589245523491392	44.870934793973206	-2.071585511220561	0.0	42.0
16.541233727118755	44.783214400625525	-2.071585511220561	0.0	42.1
16.493221930746113	44.69549400727784	-2.071585511220561	0.0	42.2
16.445210134373472	44.607773613930156	-2.071585511220561	0.0	42.300000000000004
16.397198338000834	44.52005322058247	-2.071585511220561	0.0	42.400000000000006
16.349186541628196	44.432332827234795	-2.071585511220561	0.0	42.5
16.301174745255555	44.34461243388711	-2.071585511220561	0.0	42.6
16.253162948882917	44.25689204053943	-2.071585511220561	0.0	42.7
16.205151152510275	44.16917164719174	-2.071585511220561	0.0	42.800000000000004
16.157139356137634	44.08145125384406	-2.071585511220561	0.0	42.900000000000006
16.109127559765	43.99373086049638	-2.071585511220561	0.0	43.0
16.06111576339236	43.9060104671487	-2.071585511220561	0.0	43.1
16.013103967019717	43.81829007380101	-2.071585511220561	0.0	43.2
15.965092170647079	43.73056968045333	-2.071585511220561	0.0	43.300000000000004
15.917080374274438	43.64284928710564	-2.071585511220561	0.0	43.400000000000006
15.8690685779018	43.55512889375796	-2.071585511220561	0.0	43.5
15.821056781529162	43.46740850041028	-2.071585511220561	0.0	43.6
15.77304498515652	43.3796881070626	-2.071585511220561	0.0	43.7
15.725033188783879	43.29196771371491	-2.071585511220561	0.0	43.800000000000004
15.677021392411241	43.20424732036723	-2.071585511220561	0.0	43.900000000000006
15.629009596038603	43.11652692701955	-2.071585511220561	0.0	44.0
15.580997799665962	43.02880653367186	-2.071585511220561	0.0	44.1
15.532986003293324	42.94108614032418	-2.071585511220561	0.0	44.2
15.484974206920683	42.85336574697649	-2.071585511220561	0.0	44.300000000000004
15.436962410548041	42.76564535362881	-2.071585511220561	0.0	44.400000000000006
15.388950614175407	42.67792496028113	-2.071585511220561	0.0	44.5
15.340938817802765	42.59020456693345	-2.071585511220561	0.0	44.6
15.292927021430124	42.50248417358576	-2.071585511220561	0.0	44.7
15.244915225057486	42.41476378023808	-2.071585511220561	0.0	44.800000000000004
15.196903428684845	42.327043386890395	-2.071585511220561	0.0	44.900000000000006
15.148891632312207	42.23932299354272	-2.071585511220561	0.0	45.0
15.100879835939569	42.151602600195034	-2.071585511220561	0.0	45.1
15.052868039566928	42.06388220684735	-2.071585511220561	0.0	45.2
15.004856243194286	41.976161813499665	-2.071585511220561	0.0	45.300000000000004
14.956844446821648	41.888441420151985	-2.071585511220561	0.0	45.400000000000006
14.90883265044901	41.800721026804304	-2.071585511220561	0.0	45.5
14.860820854076369	41.71300063345662	-2.071585511220561	0.0	45.6
14.812809057703731	41.625280240108935	-2.071585511220561	0.0	45.7
14.76479726133109	41.537559846761255	-2.071585511220561	0.0	45.800000000000004
14.716785464958448	41.44983945341357	-2.071585511220561	0.0	45.900000000000006
14.668773668585814	41.36211906006589	-2.071585511220561	0.0	46.0
14.620761872213173	41.274398666718206	-2.071585511220561	0.0	46.1
14.572750075840531	41.186678273370525	-2.071585511220561	0.0	46.2
14.524738279467893	41.09895788002284	-2.071585511220561	0.0	46.300000000000004
14.476726483095252	41.01123748667516	-2.071585511220561	0.0	46.400000000000006
14.428714686722614	40.923517093327476	-2.071585511220561	0.0	46.5
14.380702890349976	40.835796699979795	-2.071585511220561	0.0	46.6
14.332691093977335	40.74807630663211	-2.071585511220561	0.0	46.7
14.284679297604693	40.66035591328443	-2.071585511220561	0.0	46.800000000000004
14.236667501232056	40.57263551993674	-2.071585511220561	0.0	46.900000000000006
14.188655704859418	40.484915126589065	-2.071585511220561	0.0	47.0
14.140643908486776	40.39719473324138	-2.071585511220561	0.0	47.1
14.092632112114138	40.3094743398937	-2.071585511220561	0.0	47.2
14.044620315741497	40.22175394654601	-2.071585511220561	0.0	47.300000000000004
13.996608519368856	40.13403355319833	-2.071585511220561	0.0	47.400000000000006
13.948596722996221	40.04631315985065	-2.071585511220561	0.0	47.5
13.90058492662358	39.95859276650297	-2.071585511220561	0.0	47.6
13.852573130250939	39.87087237315528	-2.071585511220561	0.0	47.7
13.8045613338783	39.7831519798076	-2.071585511220561	0.0	47.800000000000004
13.75654953750566	39.69543158645991	-2.071585511220561	0.0	47.900000000000006
13.708537741133021	39.60771119311224	-2.071585511220561	0.0	48.0
13.660525944760384	39.51999079976455	-2.071585511220561	0.0	48.1
13.612514148387742	39.43227040641687	-2.071585511220561	0.0	48.2
13.5645023520151	39.34455001306918	-2.071585511220561	0.0	48.300000000000004
13.516490555642463	39.2568296197215	-2.071585511220561	0.0	48.400000000000006
13.468478759269825	39.16910922637382	-2.071585511220561	0.0	48.5
13.420466962897184	39.08138883302614	-2.071585511220561	0.0	48.6
13.372455166524546	38.99366843967845	-2.071585511220561	0.0	48.7
13.324443370151904	38.90594804633077	-2.071585511220561	0.0	48.800000000000004
13.276431573779263	38.81822765298308	-2.071585511220561	0.0	48.900000000000006
13.228419777406629	38.73050725963541	-2.071585511220561	0.0	49.0
13.180407981033987	38.64278686628772	-2.071585511220561	0.0	49.1
13.132396184661346	38.55506647294004	-2.071585511220561	0.0	49.2
13.084384388288708	38.46734607959235	-2.071585511220561	0.0	49.300000000000004
13.036372591916066	38.37962568624467	-2.071585511220561	0.0	49.400000000000006
12.988360795543429	38.29190529289699	-2.071585511220561	0.0	49.5
12.94034899917079	38.20418489954931	-2.071585511220561	0.0	49.6
12.89233720279815	38.11646450620162	-2.071585511220561	0.0	49.7
12.844325406425508	38.02874411285394	-2.071585511220561	0.0	49.800000000000004
12.79631361005287	37.941023719506255	-2.071585511220561	0.0	49.900000000000006
12.748301813680232	37.85330332615858	-2.071585511220561	0.0	50.0
12.70029001730759	37.765582932810894	-2.071585511220561	0.0	50.1
12.652278220934953	37.67786253946321	-2.071585511220561	0.0	50.2
12.604266424562311	37.590142146115525	-2.071585511220561	0.0	50.300000000000004
12.55625462818967	37.502421752767845	-2.071585511220561	0.0	50.400000000000006
12.508242831817032	37.414701359420164	-2.071585511220561	0.0	50.5
12.460231035444394	37.32698096607248	-2.071585511220561	0.0	50.6
12.412219239071753	37.239260572724795	-2.071585511220561	0.0	50.7
12.364207442699115	37.151540179377115	-2.071585511220561	0.0	50.800000000000004
12.316195646326474	37.06381978602943	-2.071585511220561	0.0	50.900000000000006
12.268183849953836	36.97609939268175	-2.071585511220561	0.0	51.0
12.220172053581194	36.888378999334066	-2.071585511220561	0.0	51.1
12.172160257208557	36.800658605986385	-2.071585511220561	0.0	51.2
12.124148460835915	36.7129382126387	-2.071585511220561	0.0	51.300000000000004
12.076136664463274	36.62521781929102	-2.071585511220561	0.0	51.400000000000006
12.02812486809064	36.537497425943336	-2.071585511220561	0.0	51.5
11.980113071717998	36.449777032595655	-2.071585511220561	0.0	51.6
11.932101275345357	36.36205663924797	-2.071585511220561	0.0	51.7
11.884089478972719	36.27433624590029	-2.071585511220561	0.0	51.800000000000004
11.836077682600077	36.1866158525526	-2.071585511220561	0.0	51.900000000000006
11.78806588622744	36.098895459204925	-2.071585511220561	0.0	52.0
11.740054089854802	36.01117506585724	-2.071585511220561	0.0	52.1
11.69204229348216	35.92345467250956	-2.071585511220561	0.0	52.2
11.644030497109519	35.83573427916187	-2.071585511220561	0.0	52.300000000000004
11.596018700736881	35.74801388581419	-2.071585511220561	0.0	52.400000000000006
11.548006904364243	35.66029349246651	-2.071585511220561	0.0	52.5
11.499995107991602	35.57257309911883	-2.071585511220561	0.0	52.6
11.451983311618964	35.48485270577114	-2.071585511220561	0.0	52.7
11.403971515246322	35.39713231242346	-2.071585511220561	0.0	52.800000000000004
11.355959718873681	35.30941191907577	-2.071585511220561	0.0	52.900000000000006
11.307947922501047	35.2216915257281	-2.071585511220561	0.0	53.0
11.259936126128405	35.13397113238041	-2.071585511220561	0.0	53.1
11.211924329755764	35.04625073903273	-2.071585511220561	0.0	53.2
11.163912533383126	34.95853034568504	-2.071585511220561	0.0	53.300000000000004
11.115900737010485	34.87080995233736	-2.071585511220561	0.0	53.400000000000006
11.067888940637847	34.78308955898968	-2.071585511220561	0.0	53.5
11.019877144265209	34.695369165642	-2.071585511220561	0.0	53.6
10.971865347892567	34.60764877229431	-2.071585511220561	0.0	53.7
10.923853551519926	34.51992837894663	-2.071585511220561	0.0	53.800000000000004
10.875841755147288	34.43220798559894	-2.071585511220561	0.0	53.900000000000006
10.82782995877465	34.34448759225126	-2.071585511220561	0.0	54.0
10.779818162402009	34.25676719890358	-2.071585511220561	0.0	54.1
10.731806366029371	34.1690468055559	-2.071585511220561	0.0	54.2
10.68379456965673	34.08132641220821	-2.071585511220561	0.0	54.300000000000004
10.635782773284088	33.99360601886053	-2.071585511220561	0.0	54.400000000000006
10.587770976911454	33.90588562551285	-2.071585511220561	0.0	54.5
10.539759180538812	33.818165232165164	-2.071585511220561	0.0	54.6
10.491747384166171	33.73044483881748	-2.071585511220561	0.0	54.7
10.443735587793533	33.6427244454698	-2.071585511220561	0.0	54.800000000000004
10.395723791420892	33.555004052122115	-2.071585511220561	0.0	54.900000000000006
10.347711995048254	33.467283658774434	-2.071585511220561	0.0	55.0
10.299700198675616	33.379563265426754	-2.071585511220561	0.0	55.1
10.251688402302975	33.291842872079066	-2.071585511220561	0.0	55.2
10.203676605930333	33.204122478731385	-2.071585511220561	0.0	55.300000000000004
10.155664809557695	33.116402085383704	-2.071585511220561	0.0	55.400000000000006
10.107653013185057	33.028681692036024	-2.071585511220561	0.0	55.5
10.059641216812416	32.940961298688336	-2.071585511220561	0.0	55.6
10.011629420439778	32.853240905340655	-2.071585511220561	0.0	55.7
9.963617624067137	32.76552051199297	-2.071585511220561	0.0	55.800000000000004
9.915605827694495	32.67780011864529	-2.071585511220561	0.0	55.900000000000006
9.867594031321861	32.590079725297606	-2.071585511220561	0.0	56.0
9.81958223494922	32.502359331949926	-2.071585511220561	0.0	56.1
9.771570438576578	32.41463893860224	-2.071585511220561	0.0	56.2
9.72355864220394	32.32691854525456	-2.071585511220561	0.0	56.300000000000004
9.675546845831299	32.23919815190687	-2.071585511220561	0.0	56.400000000000006
9.627535049458661	32.151477758559196	-2.071585511220561	0.0	56.5
9.579523253086023	32.06375736521151	-2.071585511220561	0.0	56.6
9.531511456713382	31.976036971863827	-2.071585511220561	0.0	56.7
9.48349966034074	31.88831657851614	-2.071585511220561	0.0	56.800000000000004
9.435487863968103	31.80059618516846	-2.071585511220561	0.0	56.900000000000006
9.387476067595465	31.712875791820778	-2.071585511220561	0.0	57.0
9.339464271222823	31.625155398473098	-2.071585511220561	0.0	57.1
9.291452474850185	31.53743500512541	-2.071585511220561	0.0	57.2
9.243440678477544	31.44971461177773	-2.071585511220561	0.0	57.300000000000004
9.195428882104903	31.36199421843004	-2.071585511220561	0.0	57.400000000000006
9.147417085732268	31.274273825082368	-2.071585511220561	0.0	57.5
9.099405289359627	31.18655343173468	-2.071585511220561	0.0	57.6
9.051393492986985	31.098833038387	-2.071585511220561	0.0	57.7
9.003381696614348	31.01111264503931	-2.071585511220561	0.0	57.800000000000004
8.955369900241706	30.92339225169163	-2.071585511220561	0.0	57.900000000000006
8.907358103869068	30.83567185834395	-2.071585511220561	0.0	58.0
8.85934630749643	30.74795146499627	-2.071585511220561	0.0	58.1
8.811334511123789	30.66023107164858	-2.071585511220561	0.0	58.2
8.763322714751148	30.5725106783009	-2.071585511220561	0.0	58.300000000000004
8.71531091837851	30.484790284953213	-2.071585511220561	0.0	58.400000000000006
8.667299122005872	30.39706989160554	-2.071585511220561	0.0	58.5
8.61928732563323	30.309349498257852	-2.071585511220561	0.0	58.6
8.571275529260593	30.22162910491017	-2.071585511220561	0.0	58.7
8.523263732887951	30.133908711562484	-2.071585511220561	0.0	58.800000000000004
8.47525193651531	30.046188318214803	-2.071585511220561	0.0	58.900000000000006
8.427240140142676	29.958467924867122	-2.071585511220561	0.0	59.0
8.379228343770034	29.87074753151944	-2.071585511220561	0.0	59.1
8.331216547397393	29.783027138171754	-2.071585511220561	0.0	59.2
8.283204751024755	29.695306744824073	-2.071585511220561	0.0	59.300000000000004
8.235192954652113	29.607586351476385	-2.071585511220561	0.0	59.400000000000006
8.187181158279476	29.51986595812871	-2.071585511220561	0.0	59.5
8.139169361906838	29.432145564781024	-2.071585511220561	0.0	59.6
8.091157565534196	29.344425171433343	-2.071585511220561	0.0	59.7
8.043145769161555	29.256704778085656	-2.071585511220561	0.0	59.800000000000004
7.995133972788917	29.168984384737975	-2.071585511220561	0.0	59.900000000000006
7.947122176416279	29.081263991390294	-2.071585511220561	0.0	60.0
7.899110380043638	28.993543598042613	-2.071585511220561	0.0	60.1
7.851098583670996	28.905823204694926	-2.071585511220561	0.0	60.2
7.8030867872983585	28.818102811347245	-2.071585511220561	0.0	60.300000000000004
7.755074990925717	28.730382417999557	-2.071585511220561	0.0	60.400000000000006
7.707063194553079	28.642662024651884	-2.071585511220561	0.0	60.5
7.659051398180441	28.554941631304196	-2.071585511220561	0.0	60.6
7.6110396018078	28.467221237956515	-2.071585511220561	0.0	60.7
7.5630278054351585	28.379500844608827	-2.071585511220561	0.0	60.800000000000004
7.515016009062521	28.291780451261147	-2.071585511220561	0.0	60.900000000000006
7.467004212689883	28.204060057913466	-2.071585511220561	0.0	61.0
7.418992416317241	28.116339664565785	-2.071585511220561	0.0	61.1
7.3709806199446035	28.028619271218098	-2.071585511220561	0.0	61.2
7.322968823571962	27.940898877870417	-2.071585511220561	0.0	61.300000000000004
7.274957027199321	27.85317848452273	-2.071585511220561	0.0	61.400000000000006
7.226945230826686	27.765458091175056	-2.071585511220561	0.0	61.5
7.178933434454045	27.677737697827368	-2.071585511220561	0.0	61.6
7.130921638081404	27.590017304479687	-2.071585511220561	0.0	61.7
7.082909841708766	27.502296911132	-2.071585511220561	0.0	61.800000000000004
7.034898045336124	27.41457651778432	-2.071585511220561	0.0	61.900000000000006
6.986886248963486	27.326856124436638	-2.071585511220561	0.0	62.0
6.938874452590849	27.239135731088957	-2.071585511220561	0.0	62.1
6.890862656218207	27.15141533774127	-2.071585511220561	0.0	62.2
6.842850859845566	27.06369494439359	-2.071585511220561	0.0	62.300000000000004
6.794839063472928	26.9759745510459	-2.071585511220561	0.0	62.400000000000006
6.74682726710029	26.888254157698228	-2.071585511220561	0.0	62.5
6.698815470727649	26.80053376435054	-2.071585511220561	0.0	62.6
6.650803674355011	26.71281337100286	-2.071585511220561	0.0	62.7
6.602791877982369	26.62509297765517	-2.071585511220561	0.0	62.800000000000004
6.554780081609728	26.53737258430749	-2.071585511220561	0.0	62.900000000000006
6.506768285237094	26.44965219095981	-2.071585511220561	0.0	63.0
6.458756488864452	26.36193179761213	-2.071585511220561	0.0	63.1
6.410744692491811	26.27421140426444	-2.071585511220561	0.0	63.2
6.362732896119173	26.18649101091676	-2.071585511220561	0.0	63.300000000000004
6.3147210997465315	26.098770617569073	-2.071585511220561	0.0	63.400000000000006
6.266709303373894	26.0110502242214	-2.071585511220561	0.0	63.5
6.218697507001256	25.923329830873712	-2.071585511220561	0.0	63.6
6.170685710628614	25.83560943752603	-2.071585511220561	0.0	63.7
6.122673914255973	25.747889044178343	-2.071585511220561	0.0	63.800000000000004
6.074662117883335	25.660168650830663	-2.071585511220561	0.0	63.900000000000006
6.026650321510697	25.572448257482982	-2.071585511220561	0.0	64.0
5.978638525138052	25.484727864135294	-2.071585511220561	0.0	64.10000000000001
5.930626728765418	25.397007470787614	-2.071585511220561	0.0	64.2
5.88261493239278	25.309287077439933	-2.071585511220561	0.0	64.3
5.834603136020135	25.221566684092245	-2.071585511220561	0.0	64.4
5.786591339647501	25.133846290744565	-2.071585511220561	0.0	64.5
5.738579543274856	25.046125897396877	-2.071585511220561	0.0	64.60000000000001
5.690567746902218	24.958405504049203	-2.071585511220561	0.0	64.7
5.642555950529584	24.870685110701523	-2.071585511220561	0.0	64.8
5.594544154156939	24.782964717353835	-2.071585511220561	0.0	64.9
5.546532357784301	24.695244324006154	-2.071585511220561	0.0	65.0
5.4985205614116595	24.607523930658466	-2.071585511220561	0.0	65.10000000000001
5.450508765039022	24.519803537310786	-2.071585511220561	0.0	65.2
5.402496968666384	24.432083143963105	-2.071585511220561	0.0	65.3
5.354485172293742	24.344362750615417	-2.071585511220561	0.0	65.4
5.3064733759211045	24.256642357267737	-2.071585511220561	0.0	65.5
5.2584615795484595	24.16892196392005	-2.071585511220561	0.0	65.60000000000001
5.210449783175825	24.081201570572368	-2.071585511220561	0.0	65.7
5.162437986803187	23.993481177224695	-2.071585511220561	0.0	65.8
5.114426190430542	23.905760783877007	-2.071585511220561	0.0	65.9
5.066414394057908	23.818040390529326	-2.071585511220561	0.0	66.0
5.018402597685263	23.73031999718164	-2.071585511220561	0.0	66.10000000000001
4.970390801312625	23.642599603833958	-2.071585511220561	0.0	66.2
4.922379004939991	23.554879210486277	-2.071585511220561	0.0	66.3
4.874367208567346	23.46715881713859	-2.071585511220561	0.0	66.4
4.826355412194708	23.37943842379091	-2.071585511220561	0.0	66.5
4.778343615822067	23.29171803044322	-2.071585511220561	0.0	66.60000000000001
4.730331819449425	23.20399763709554	-2.071585511220561	0.0	66.7
4.682320023076791	23.116277243747867	-2.071585511220561	0.0	66.8
4.6343082267041495	23.02855685040017	-2.071585511220561	0.0	66.9
4.586296430331508	22.940836457052498	-2.071585511220561	0.0	67.0
4.538284633958867	22.85311606370481	-2.071585511220561	0.0	67.10000000000001
4.490272837586232	22.76539567035713	-2.071585511220561	0.0	67.2
4.442261041213591	22.67767527700945	-2.071585511220561	0.0	67.3
4.39424924484095	22.58995488366176	-2.071585511220561	0.0	67.4
4.346237448468315	22.50223449031408	-2.071585511220561	0.0	67.5
4.298225652095667	22.414514096966393	-2.071585511220561	0.0	67.60000000000001
4.2502138557230325	22.326793703618712	-2.071585511220561	0.0	67.7
4.202202059350398	22.23907331027104	-2.071585511220561	0.0	67.8
4.15419026297775	22.151352916923344	-2.071585511220561	0.0	67.9
4.106178466605115	22.06363252357567	-2.071585511220561	0.0	68.0
4.058166670232474	21.975912130227975	-2.071585511220561	0.0	68.10000000000001
4.0101548738598325	21.8881917368803	-2.071585511220561	0.0	68.2
3.962143077487198	21.80047134353262	-2.071585511220561	0.0	68.3
3.9141312811145568	21.712750950184933	-2.071585511220561	0.0	68.4
3.8661194847419154	21.625030556837253	-2.071585511220561	0.0	68.5
3.818107688369274	21.537310163489565	-2.071585511220561	0.0	68.60000000000001
3.7700958919966396	21.449589770141884	-2.071585511220561	0.0	68.7
3.7220840956239982	21.36186937679421	-2.071585511220561	0.0	68.8
3.674072299251357	21.274148983446516	-2.071585511220561	0.0	68.9
3.6260605028787225	21.186428590098842	-2.071585511220561	0.0	69.0
3.578048706506074	21.098708196751147	-2.071585511220561	0.0	69.10000000000001
3.5300369101334397	21.010987803403474	-2.071585511220561	0.0	69.2
3.4820251137608054	20.923267410055793	-2.071585511220561	0.0	69.3
3.434013317388157	20.835547016708105	-2.071585511220561	0.0	69.4
3.3860015210155225	20.747826623360424	-2.071585511220561	0.0	69.5
3.337989724642881	20.660106230012737	-2.071585511220561	0.0	69.60000000000001
3.2899779282702397	20.572385836665056	-2.071585511220561	0.0	69.7
3.2419661318976054	20.484665443317382	-2.071585511220561	0.0	69.8
3.193954335524964	20.396945049969688	-2.071585511220561	0.0	69.9
3.1459425391523226	20.309224656622014	-2.071585511220561	0.0	70.0
3.097930742779681	20.22150426327432	-2.071585511220561	0.0	70.10000000000001
3.049918946407047	20.133783869926646	-2.071585511220561	0.0	70.2
3.0019071500344054	20.046063476578965	-2.071585511220561	0.0	70.3
2.953895353661764	19.958343083231277	-2.071585511220561	0.0	70.4
2.9058835572891297	19.870622689883596	-2.071585511220561	0.0	70.5
2.857871760916481	19.78290229653591	-2.071585511220561	0.0	70.60000000000001
2.809859964543847	19.695181903188228	-2.071585511220561	0.0	70.7
2.7618481681712126	19.607461509840554	-2.071585511220561	0.0	70.8
2.713836371798564	19.51974111649286	-2.071585511220561	0.0	70.9
2.6658245754259298	19.432020723145186	-2.071585511220561	0.0	71.0
2.6178127790532884	19.34430032979749	-2.071585511220561	0.0	71.10000000000001
2.569800982680647	19.256579936449818	-2.071585511220561	0.0	71.2
2.5217891863080126	19.168859543102137	-2.071585511220561	0.0	71.3
2.473777389935371	19.08113914975445	-2.071585511220561	0.0	71.4
2.42576559356273	18.99341875640677	-2.071585511220561	0.0	71.5
2.3777537971900884	18.90569836305908	-2.071585511220561	0.0	71.60000000000001
2.329742000817454	18.8179779697114	-2.071585511220561	0.0	71.7
2.2817302044448127	18.730257576363726	-2.071585511220561	0.0	71.8
2.2337184080721713	18.64253718301603	-2.071585511220561	0.0	71.9
2.185706611699537	18.554816789668358	-2.071585511220561	0.0	72.0
2.1376948153268884	18.467096396320663	-2.071585511220561	0.0	72.10000000000001
2.089683018954254	18.37937600297299	-2.071585511220561	0.0	72.2
2.04167122258162	18.29165560962531	-2.071585511220561	0.0	72.3
1.9936594262089713	18.20393521627762	-2.071585511220561	0.0	72.4
1.945647629836337	18.11621482292994	-2.071585511220561	0.0	72.5
1.8976358334636956	18.028494429582253	-2.071585511220561	0.0	72.60000000000001
1.8496240370910542	17.940774036234572	-2.071585511220561	0.0	72.7
1.8016122407184199	17.8530536428869	-2.071585511220561	0.0	72.8
1.7536004443457784	17.765333249539204	-2.071585511220561	0.0	72.9
1.705588647973137	17.67761285619153	-2.071585511220561	0.0	73.0
1.6575768516004956	17.589892462843835	-2.071585511220561	0.0	73.10000000000001
1.6095650552278613	17.502172069496154	-2.071585511220561	0.0	73.2
1.56155325885522	17.414451676148488	-2.071585511220561	0.0	73.3
1.5135414624825785	17.326731282800793	-2.071585511220561	0.0	73.4
1.4655296661099442	17.239010889453112	-2.071585511220561	0.0	73.5
1.4175178697372957	17.151290496105418	-2.071585511220561	0.0	73.60000000000001
1.3695060733646613	17.06357010275775	-2.071585511220561	0.0	73.7
1.321494276992027	16.97584970941007	-2.071585511220561	0.0	73.8
1.2734824806193785	16.888129316062376	-2.071585511220561	0.0	73.9
1.2254706842467442	16.800408922714695	-2.071585511220561	0.0	74.0
1.1774588878741028	16.712688529367014	-2.071585511220561	0.0	74.10000000000001
1.1294470915014614	16.624968136019334	-2.071585511220561	0.0	74.2
1.081435295128827	16.537247742671653	-2.071585511220561	0.0	74.3
1.0334234987561857	16.449527349323958	-2.071585511220561	0.0	74.4
0.9854117023835443	16.36180695597629	-2.071585511220561	0.0	74.5
0.9373999060109028	16.274086562628597	-2.071585511220561	0.0	74.60000000000001
0.8893881096382685	16.186366169280916	-2.071585511220561	0.0	74.7
0.8413763132656271	16.098645775933235	-2.071585511220561	0.0	74.8
0.7933645168929857	16.010925382585555	-2.071585511220561	0.0	74.9
0.7453527205203514	15.923204989237874	-2.071585511220561	0.0	75.0
0.6973409241477029	15.835484595890179	-2.071585511220561	0.0	75.10000000000001
0.6493291277750686	15.747764202542498	-2.071585511220561	0.0	75.2
0.6013173314024343	15.660043809194818	-2.071585511220561	0.0	75.3
0.5533055350297857	15.572323415847137	-2.071585511220561	0.0	75.4
0.5052937386571514	15.484603022499456	-2.071585511220561	0.0	75.5
0.45728194228451	15.396882629151762	-2.071585511220561	0.0	75.60000000000001
0.4092701459118686	15.309162235804095	-2.071585511220561	0.0	75.7
0.3612583495392343	15.221441842456414	-2.071585511220561	0.0	75.8
0.3132465531665929	15.13372144910872	-2.071585511220561	0.0	75.9
0.2652347567939515	15.046001055761039	-2.071585511220561	0.0	76.0
0.21722296042131006	14.958280662413358	-2.071585511220561	0.0	76.10000000000001
0.16921116404867576	14.870560269065678	-2.071585511220561	0.0	76.2
0.12119936767603434	14.782839875717997	-2.071585511220561	0.0	76.3
0.07318757130339293	14.695119482370302	-2.071585511220561	0.0	76.4
0.02517577493075862	14.607399089022621	-2.071585511220561	0.0	76.5
-0.022836021441889898	14.51967869567494	-2.071585511220561	0.0	76.60000000000001
-0.0708478178145242	14.43195830232726	-2.071585511220561	0.0	76.7
-0.11885961418716562	14.344237908979565	-2.071585511220561	0.0	76.80000000000001
-0.16687141055980703	14.256517515631884	-2.071585511220561	0.0	76.9
-0.21488320693244134	14.168797122284218	-2.071585511220561	0.0	77.0
-0.26289500330508275	14.081076728936523	-2.071585511220561	0.0	77.10000000000001
-0.31090679967772417	13.993356335588842	-2.071585511220561	0.0	77.2
-0.3589185960503656	13.905635942241162	-2.071585511220561	0.0	77.30000000000001
-0.4069303924229999	13.817915548893481	-2.071585511220561	0.0	77.4
-0.4549421887956413	13.7301951555458	-2.071585511220561	0.0	77.5
-0.5029539851682827	13.642474762198106	-2.071585511220561	0.0	77.60000000000001
-0.550965781540917	13.554754368850425	-2.071585511220561	0.0	77.7
-0.5989775779135655	13.467033975502744	-2.071585511220561	0.0	77.80000000000001
-0.6469893742861998	13.379313582155064	-2.071585511220561	0.0	77.9
-0.6950011706588342	13.291593188807383	-2.071585511220561	0.0	78.0
-0.7430129670314827	13.203872795459688	-2.071585511220561	0.0	78.10000000000001
-0.791024763404117	13.116152402112021	-2.071585511220561	0.0	78.2
-0.8390365597767584	13.028432008764327	-2.071585511220561	0.0	78.30000000000001
-0.8870483561493998	12.940711615416646	-2.071585511220561	0.0	78.4
-0.9350601525220341	12.852991222068965	-2.071585511220561	0.0	78.5
-0.9830719488946755	12.765270828721285	-2.071585511220561	0.0	78.60000000000001
-1.031083745267317	12.677550435373604	-2.071585511220561	0.0	78.7
-1.0790955416399584	12.589830042025909	-2.071585511220561	0.0	78.80000000000001
-1.1271073380125927	12.502109648678228	-2.071585511220561	0.0	78.9
-1.175119134385234	12.414389255330562	-2.071585511220561	0.0	79.0
-1.2231309307578755	12.326668861982867	-2.071585511220561	0.0	79.10000000000001
-1.2711427271305098	12.238948468635186	-2.071585511220561	0.0	79.2
-1.3191545235031583	12.151228075287491	-2.071585511220561	0.0	79.30000000000001
-1.3671663198757926	12.063507681939825	-2.071585511220561	0.0	79.4
-1.415178116248427	11.975787288592144	-2.071585511220561	0.0	79.5
-1.4631899126210755	11.88806689524445	-2.071585511220561	0.0	79.60000000000001
-1.5112017089937098	11.800346501896769	-2.071585511220561	0.0	79.7
-1.5592135053663512	11.712626108549088	-2.071585511220561	0.0	79.80000000000001
-1.6072253017389926	11.624905715201407	-2.071585511220561	0.0	79.9
-1.655237098111627	11.537185321853727	-2.071585511220561	0.0	80.0
-1.7032488944842683	11.449464928506032	-2.071585511220561	0.0	80.10000000000001
-1.7512606908569097	11.361744535158365	-2.071585511220561	0.0	80.2
