39.929204399281886	74.72807357503048	1.095646871224183	0.0	0.0
39.974951534464076	74.81699601102176	1.095646871224183	0.0	0.1
40.02069866964627	74.90591844701302	1.095646871224183	0.0	0.2
40.06644580482846	74.9948408830043	1.095646871224183	0.0	0.30000000000000004
40.11219294001066	75.08376331899558	1.095646871224183	0.0	0.4
40.15794007519285	75.17268575498684	1.095646871224183	0.0	0.5
40.203687210375044	75.26160819097812	1.095646871224183	0.0	0.6000000000000001
40.24943434555723	75.3505306269694	1.095646871224183	0.0	0.7000000000000001
40.29518148073943	75.43945306296067	1.095646871224183	0.0	0.8
40.34092861592162	75.52837549895195	1.095646871224183	0.0	0.9
40.38667575110381	75.61729793494322	1.095646871224183	0.0	1.0
40.432422886286005	75.70622037093449	1.095646871224183	0.0	1.1
40.478170021468195	75.79514280692577	1.095646871224183	0.0	1.2000000000000002
40.52391715665039	75.88406524291705	1.095646871224183	0.0	1.3
40.56966429183258	75.97298767890831	1.095646871224183	0.0	1.4000000000000001
40.61541142701478	76.06191011489959	1.095646871224183	0.0	1.5
40.66115856219697	76.15083255089085	1.095646871224183	0.0	1.6
40.706905697379156	76.23975498688213	1.095646871224183	0.0	1.7000000000000002
40.75265283256135	76.32867742287341	1.095646871224183	0.0	1.8
40.79839996774354	76.41759985886468	1.095646871224183	0.0	1.9000000000000001
40.84414710292574	76.50652229485596	1.095646871224183	0.0	2.0
40.88989423810793	76.59544473084723	1.095646871224183	0.0	2.1
40.935641373290125	76.6843671668385	1.095646871224183	0.0	2.2
40.981388508472314	76.77328960282978	1.095646871224183	0.0	2.3000000000000003
41.02713564365451	76.86221203882106	1.095646871224183	0.0	2.4000000000000004
41.0728827788367	76.95113447481232	1.095646871224183	0.0	2.5
41.11862991401889	77.0400569108036	1.095646871224183	0.0	2.6
41.164377049201086	77.12897934679488	1.095646871224183	0.0	2.7
41.210124184383275	77.21790178278614	1.095646871224183	0.0	2.8000000000000003
41.25587131956547	77.30682421877742	1.095646871224183	0.0	2.9000000000000004
41.30161845474766	77.3957466547687	1.095646871224183	0.0	3.0
41.34736558992986	77.48466909075997	1.095646871224183	0.0	3.1
41.39311272511205	77.57359152675124	1.095646871224183	0.0	3.2
41.438859860294244	77.66251396274252	1.095646871224183	0.0	3.3000000000000003
41.48460699547643	77.75143639873379	1.095646871224183	0.0	3.4000000000000004
41.53035413065862	77.84035883472507	1.095646871224183	0.0	3.5
41.57610126584082	77.92928127071634	1.095646871224183	0.0	3.6
41.62184840102301	78.01820370670761	1.095646871224183	0.0	3.7
41.667595536205205	78.10712614269889	1.095646871224183	0.0	3.8000000000000003
41.713342671387394	78.19604857869017	1.095646871224183	0.0	3.9000000000000004
41.75908980656959	78.28497101468143	1.095646871224183	0.0	4.0
41.80483694175178	78.37389345067271	1.095646871224183	0.0	4.1000000000000005
41.85058407693397	78.46281588666398	1.095646871224183	0.0	4.2
41.896331212116166	78.55173832265525	1.095646871224183	0.0	4.3
41.942078347298356	78.64066075864653	1.095646871224183	0.0	4.4
41.98782548248055	78.7295831946378	1.095646871224183	0.0	4.5
42.03357261766274	78.81850563062908	1.095646871224183	0.0	4.6000000000000005
42.07931975284494	78.90742806662035	1.095646871224183	0.0	4.7
42.12506688802713	78.99635050261162	1.095646871224183	0.0	4.800000000000001
42.170814023209324	79.0852729386029	1.095646871224183	0.0	4.9
42.216561158391514	79.17419537459418	1.095646871224183	0.0	5.0
42.2623082935737	79.26311781058544	1.095646871224183	0.0	5.1000000000000005
42.3080554287559	79.35204024657672	1.095646871224183	0.0	5.2
42.35380256393809	79.440962682568	1.095646871224183	0.0	5.300000000000001
42.399549699120286	79.52988511855926	1.095646871224183	0.0	5.4
42.445296834302475	79.61880755455054	1.095646871224183	0.0	5.5
42.49104396948467	79.70772999054182	1.095646871224183	0.0	5.6000000000000005
42.53679110466686	79.79665242653309	1.095646871224183	0.0	5.7
42.58253823984906	79.88557486252436	1.095646871224183	0.0	5.800000000000001
42.62828537503125	79.97449729851564	1.095646871224183	0.0	5.9
42.674032510213436	80.06341973450691	1.095646871224183	0.0	6.0
42.71977964539563	80.15234217049819	1.095646871224183	0.0	6.1000000000000005
42.76552678057782	80.24126460648947	1.095646871224183	0.0	6.2
42.81127391576002	80.33018704248073	1.095646871224183	0.0	6.300000000000001
42.85702105094221	80.41910947847201	1.095646871224183	0.0	6.4
42.902768186124405	80.50803191446329	1.095646871224183	0.0	6.5
42.948515321306594	80.59695435045455	1.095646871224183	0.0	6.6000000000000005
42.994262456488784	80.68587678644583	1.095646871224183	0.0	6.7
43.04000959167098	80.77479922243711	1.095646871224183	0.0	6.800000000000001
43.08575672685317	80.86372165842837	1.095646871224183	0.0	6.9
43.131503862035366	80.95264409441965	1.095646871224183	0.0	7.0
43.177250997217556	81.04156653041092	1.095646871224183	0.0	7.1000000000000005
43.22299813239975	81.1304889664022	1.095646871224183	0.0	7.2
43.26874526758194	81.21941140239348	1.095646871224183	0.0	7.300000000000001
43.31449240276413	81.30833383838474	1.095646871224183	0.0	7.4
43.36023953794633	81.39725627437602	1.095646871224183	0.0	7.5
43.40598667312852	81.4861787103673	1.095646871224183	0.0	7.6000000000000005
43.45173380831071	81.57510114635856	1.095646871224183	0.0	7.7
43.4974809434929	81.66402358234984	1.095646871224183	0.0	7.800000000000001
43.5432280786751	81.75294601834112	1.095646871224183	0.0	7.9
43.58897521385729	81.84186845433238	1.095646871224183	0.0	8.0
43.634722349039485	81.93079089032366	1.095646871224183	0.0	8.1
43.680469484221675	82.01971332631494	1.095646871224183	0.0	8.200000000000001
43.72621661940387	82.1086357623062	1.095646871224183	0.0	8.3
43.77196375458606	82.19755819829749	1.095646871224183	0.0	8.4
43.81771088976825	82.28648063428876	1.095646871224183	0.0	8.5
43.86345802495045	82.37540307028003	1.095646871224183	0.0	8.6
43.909205160132636	82.46432550627131	1.095646871224183	0.0	8.700000000000001
43.95495229531483	82.55324794226259	1.095646871224183	0.0	8.8
44.00069943049702	82.64217037825385	1.095646871224183	0.0	8.9
44.04644656567922	82.73109281424513	1.095646871224183	0.0	9.0
44.09219370086141	82.8200152502364	1.095646871224183	0.0	9.1
44.1379408360436	82.90893768622767	1.095646871224183	0.0	9.200000000000001
44.183687971225794	82.99786012221895	1.095646871224183	0.0	9.3
44.22943510640798	83.08678255821022	1.095646871224183	0.0	9.4
44.27518224159018	83.1757049942015	1.095646871224183	0.0	9.5
44.32092937677237	83.26462743019277	1.095646871224183	0.0	9.600000000000001
44.366676511954566	83.35354986618404	1.095646871224183	0.0	9.700000000000001
44.412423647136755	83.44247230217532	1.095646871224183	0.0	9.8
44.458170782318945	83.5313947381666	1.095646871224183	0.0	9.9
44.50391791750114	83.62031717415786	1.095646871224183	0.0	10.0
44.54966505268333	83.70923961014914	1.095646871224183	0.0	10.100000000000001
44.59541218786553	83.79816204614042	1.095646871224183	0.0	10.200000000000001
44.64115932304772	83.88708448213168	1.095646871224183	0.0	10.3
44.68690645822991	83.97600691812296	1.095646871224183	0.0	10.4
44.7326535934121	84.06492935411424	1.095646871224183	0.0	10.5
44.7784007285943	84.1538517901055	1.095646871224183	0.0	10.600000000000001
44.82414786377649	84.24277422609678	1.095646871224183	0.0	10.700000000000001
44.869894998958685	84.33169666208806	1.095646871224183	0.0	10.8
44.915642134140874	84.42061909807933	1.095646871224183	0.0	10.9
44.961389269323064	84.5095415340706	1.095646871224183	0.0	11.0
45.00713640450526	84.59846397006189	1.095646871224183	0.0	11.100000000000001
45.05288353968745	84.68738640605315	1.095646871224183	0.0	11.200000000000001
45.098630674869646	84.77630884204443	1.095646871224183	0.0	11.3
45.144377810051836	84.86523127803571	1.095646871224183	0.0	11.4
45.19012494523403	84.95415371402697	1.095646871224183	0.0	11.5
45.23587208041622	85.04307615001825	1.095646871224183	0.0	11.600000000000001
45.28161921559841	85.13199858600953	1.095646871224183	0.0	11.700000000000001
45.32736635078061	85.2209210220008	1.095646871224183	0.0	11.8
45.3731134859628	85.30984345799207	1.095646871224183	0.0	11.9
45.418860621144994	85.39876589398335	1.095646871224183	0.0	12.0
45.46460775632718	85.48768832997462	1.095646871224183	0.0	12.100000000000001
45.51035489150938	85.5766107659659	1.095646871224183	0.0	12.200000000000001
45.55610202669157	85.66553320195717	1.095646871224183	0.0	12.3
45.60184916187376	85.75445563794844	1.095646871224183	0.0	12.4
45.647596297055955	85.84337807393972	1.095646871224183	0.0	12.5
45.693343432238144	85.932300509931	1.095646871224183	0.0	12.600000000000001
45.73909056742034	86.02122294592226	1.095646871224183	0.0	12.700000000000001
45.78483770260253	86.11014538191354	1.095646871224183	0.0	12.8
45.83058483778473	86.1990678179048	1.095646871224183	0.0	12.9
45.876331972966916	86.28799025389608	1.095646871224183	0.0	13.0
45.92207910814911	86.37691268988736	1.095646871224183	0.0	13.100000000000001
45.9678262433313	86.46583512587863	1.095646871224183	0.0	13.200000000000001
46.0135733785135	86.5547575618699	1.095646871224183	0.0	13.3
46.05932051369569	86.64367999786118	1.095646871224183	0.0	13.4
46.10506764887788	86.73260243385245	1.095646871224183	0.0	13.5
46.150814784060074	86.82152486984373	1.095646871224183	0.0	13.600000000000001
46.196561919242264	86.910447305835	1.095646871224183	0.0	13.700000000000001
46.24230905442446	86.99936974182627	1.095646871224183	0.0	13.8
46.28805618960665	87.08829217781755	1.095646871224183	0.0	13.9
46.333803324788846	87.17721461380881	1.095646871224183	0.0	14.0
46.379550459971036	87.2661370498001	1.095646871224183	0.0	14.100000000000001
46.425297595153225	87.35505948579137	1.095646871224183	0.0	14.200000000000001
46.47104473033542	87.44398192178264	1.095646871224183	0.0	14.3
46.51679186551761	87.53290435777392	1.095646871224183	0.0	14.4
46.56253900069981	87.6218267937652	1.095646871224183	0.0	14.5
46.608286135882	87.71074922975646	1.095646871224183	0.0	14.600000000000001
46.65403327106419	87.79967166574774	1.095646871224183	0.0	14.700000000000001
46.69978040624638	87.88859410173902	1.095646871224183	0.0	14.8
46.74552754142857	87.97751653773028	1.095646871224183	0.0	14.9
46.79127467661077	88.06643897372156	1.095646871224183	0.0	15.0
46.83702181179296	88.15536140971284	1.095646871224183	0.0	15.100000000000001
46.882768946975155	88.2442838457041	1.095646871224183	0.0	15.200000000000001
46.928516082157344	88.33320628169538	1.095646871224183	0.0	15.3
46.97426321733954	88.42212871768666	1.095646871224183	0.0	15.4
47.02001035252173	88.51105115367793	1.095646871224183	0.0	15.5
47.06575748770393	88.5999735896692	1.095646871224183	0.0	15.600000000000001
47.111504622886116	88.68889602566048	1.095646871224183	0.0	15.700000000000001
47.157251758068305	88.77781846165175	1.095646871224183	0.0	15.8
47.2029988932505	88.86674089764303	1.095646871224183	0.0	15.9
47.24874602843269	88.9556633336343	1.095646871224183	0.0	16.0
47.29449316361489	89.04458576962557	1.095646871224183	0.0	16.1
47.34024029879708	89.13350820561685	1.095646871224183	0.0	16.2
47.385987433979274	89.22243064160813	1.095646871224183	0.0	16.3
47.43173456916146	89.31135307759939	1.095646871224183	0.0	16.400000000000002
47.47748170434366	89.40027551359067	1.095646871224183	0.0	16.5
47.52322883952585	89.48919794958195	1.095646871224183	0.0	16.6
47.56897597470804	89.57812038557321	1.095646871224183	0.0	16.7
47.614723109890235	89.6670428215645	1.095646871224183	0.0	16.8
47.660470245072425	89.75596525755577	1.095646871224183	0.0	16.900000000000002
47.70621738025462	89.84488769354704	1.095646871224183	0.0	17.0
47.75196451543681	89.93381012953832	1.095646871224183	0.0	17.1
47.79771165061901	90.02273256552958	1.095646871224183	0.0	17.2
47.8434587858012	90.11165500152086	1.095646871224183	0.0	17.3
47.889205920983386	90.20057743751214	1.095646871224183	0.0	17.400000000000002
47.93495305616558	90.2894998735034	1.095646871224183	0.0	17.5
47.98070019134777	90.37842230949468	1.095646871224183	0.0	17.6
48.02644732652997	90.46734474548596	1.095646871224183	0.0	17.7
48.07219446171216	90.55626718147724	1.095646871224183	0.0	17.8
48.117941596894354	90.6451896174685	1.095646871224183	0.0	17.900000000000002
48.163688732076544	90.73411205345978	1.095646871224183	0.0	18.0
48.20943586725873	90.82303448945106	1.095646871224183	0.0	18.1
48.25518300244093	90.91195692544233	1.095646871224183	0.0	18.2
48.300930137623126	91.0008793614336	1.095646871224183	0.0	18.3
48.346677272805316	91.08980179742488	1.095646871224183	0.0	18.400000000000002
48.392424407987505	91.17872423341615	1.095646871224183	0.0	18.5
48.4381715431697	91.26764666940743	1.095646871224183	0.0	18.6
48.48391867835189	91.35656910539869	1.095646871224183	0.0	18.7
48.52966581353408	91.44549154138997	1.095646871224183	0.0	18.8
48.57541294871628	91.53441397738125	1.095646871224183	0.0	18.900000000000002
48.621160083898474	91.62333641337251	1.095646871224183	0.0	19.0
48.66690721908066	91.71225884936379	1.095646871224183	0.0	19.1
48.71265435426285	91.80118128535507	1.095646871224183	0.0	19.200000000000003
48.75840148944505	91.89010372134634	1.095646871224183	0.0	19.3
48.80414862462724	91.97902615733761	1.095646871224183	0.0	19.400000000000002
48.84989575980943	92.06794859332888	1.095646871224183	0.0	19.5
48.895642894991624	92.15687102932016	1.095646871224183	0.0	19.6
48.94139003017382	92.24579346531144	1.095646871224183	0.0	19.700000000000003
48.98713716535601	92.3347159013027	1.095646871224183	0.0	19.8
49.0328843005382	92.42363833729398	1.095646871224183	0.0	19.900000000000002
49.078631435720396	92.51256077328526	1.095646871224183	0.0	20.0
49.124378570902586	92.60148320927652	1.095646871224183	0.0	20.1
49.17012570608478	92.6904056452678	1.095646871224183	0.0	20.200000000000003
49.21587284126697	92.77932808125908	1.095646871224183	0.0	20.3
49.26161997644917	92.86825051725035	1.095646871224183	0.0	20.400000000000002
49.30736711163136	92.95717295324162	1.095646871224183	0.0	20.5
49.35311424681355	93.0460953892329	1.095646871224183	0.0	20.6
49.398861381995744	93.13501782522417	1.095646871224183	0.0	20.700000000000003
49.44460851717793	93.22394026121545	1.095646871224183	0.0	20.8
49.49035565236013	93.31286269720673	1.095646871224183	0.0	20.900000000000002
49.53610278754232	93.40178513319799	1.095646871224183	0.0	21.0
49.581849922724516	93.49070756918927	1.095646871224183	0.0	21.1
49.627597057906705	93.57963000518055	1.095646871224183	0.0	21.200000000000003
49.673344193088894	93.66855244117181	1.095646871224183	0.0	21.3
49.71909132827109	93.75747487716309	1.095646871224183	0.0	21.400000000000002
49.76483846345329	93.84639731315437	1.095646871224183	0.0	21.5
49.81058559863548	93.93531974914563	1.095646871224183	0.0	21.6
49.856332733817666	94.02424218513691	1.095646871224183	0.0	21.700000000000003
49.90207986899986	94.11316462112819	1.095646871224183	0.0	21.8
49.94782700418205	94.20208705711946	1.095646871224183	0.0	21.900000000000002
49.99357413936424	94.29100949311074	1.095646871224183	0.0	22.0
50.03932127454644	94.37993192910201	1.095646871224183	0.0	22.1
50.085068409728635	94.46885436509328	1.095646871224183	0.0	22.200000000000003
50.130815544910824	94.55777680108456	1.095646871224183	0.0	22.3
50.176562680093014	94.64669923707584	1.095646871224183	0.0	22.400000000000002
50.22230981527521	94.7356216730671	1.095646871224183	0.0	22.5
50.2680569504574	94.82454410905838	1.095646871224183	0.0	22.6
50.313804085639596	94.91346654504966	1.095646871224183	0.0	22.700000000000003
50.359551220821785	95.00238898104092	1.095646871224183	0.0	22.8
50.40529835600398	95.0913114170322	1.095646871224183	0.0	22.900000000000002
50.45104549118617	95.18023385302348	1.095646871224183	0.0	23.0
50.49679262636836	95.26915628901475	1.095646871224183	0.0	23.1
50.54253976155056	95.35807872500602	1.095646871224183	0.0	23.200000000000003
50.58828689673275	95.4470011609973	1.095646871224183	0.0	23.3
50.63403403191494	95.53592359698857	1.095646871224183	0.0	23.400000000000002
50.67978116709713	95.62484603297985	1.095646871224183	0.0	23.5
50.72552830227933	95.71376846897113	1.095646871224183	0.0	23.6
50.77127543746152	95.80269090496239	1.095646871224183	0.0	23.700000000000003
50.81702257264371	95.89161334095367	1.095646871224183	0.0	23.8
50.862769707825905	95.98053577694495	1.095646871224183	0.0	23.900000000000002
