4.4365522565742666	124.11504170326198	-1.803772245986222	5.382104496861794e-18	0.0
4.413453437534078	124.01767697585124	-1.8036458184614126	0.0025268767631824347	0.1
4.390379506024657	123.92030753920702	-1.8032665271043697	0.005054016229077827	0.2
4.36735534957677	123.82292868409586	-1.8026343458082614	0.007581673889118021	0.30000000000000004
4.344405855721184	123.72553570128424	-1.8017492318653079	0.010110090803497843	0.4
4.321555911988666	123.62812388153871	-1.800611127172993	0.012639486364298775	0.5
4.298830405909984	123.5306885156258	-1.7992199599243262	0.015170051034306431	0.6000000000000001
4.276254225015904	123.433224894312	-1.7975756467836177	0.017701939055430688	0.7000000000000001
4.253852256837194	123.33572830836387	-1.795678095549519	0.020235261122371454	0.8
4.231649388904621	123.2381940485479	-1.7935272083072482	0.022770077019352856	0.9
4.2096705087489505	123.1406174056306	-1.7911228850719714	0.02530638822038109	1.0
4.187940503900951	123.04299367037854	-1.788465027925208	0.0278441304565722	1.1
4.16648426189139	122.94531813355819	-1.7855535456458378	0.03038316625765149	1.2000000000000002
4.145326670251034	122.84758608593611	-1.7823883588368137	0.03292327747874935	1.3
4.12449261651065	122.7497928182788	-1.7789694055479583	0.03546415782810912	1.4000000000000001
4.104006988201004	122.65193362135278	-1.775296647394277	0.038005405416276825	1.5
4.083894672852864	122.55400378592459	-1.7713700761679678	0.04054651535275042	1.6
4.064180557996999	122.45599860276073	-1.7671897209407756	0.043086872421908055	1.7000000000000002
4.0448895311641735	122.35791336262774	-1.7627556556514827	0.0456257438762867	1.8
4.026046479885155	122.25974335629212	-1.758068007171115	0.048162272391901136	1.9000000000000001
4.007676291690711	122.1614838745204	-1.753126963835886	0.05069546923723249	2.0
3.9898038062775405	122.06313021781212	-1.7479411436445242	0.05226965012633057	2.1
3.9724396172855947	121.96468058537634	-1.7428618574796777	0.04934713004282773	2.2
3.955560232155836	121.86614011209497	-1.738074449638797	0.0464242747943226	2.3000000000000003
3.939137167103499	121.76751494843721	-1.7335788991584657	0.043501959926731296	2.4000000000000004
3.9231419383438175	121.6688112448722	-1.7293751327310822	0.04058088264226704	2.5
3.9075460620920235	121.57003515186915	-1.7254630362033718	0.037661573105789256	2.6
3.8923210545633515	121.47119281989721	-1.7218424653195101	0.034744405871538514	2.7
3.877438431973035	121.37229039942558	-1.7185132557043008	0.03182961136473826	2.8000000000000003
3.8628697105363075	121.27333404092343	-1.7154752320849997	0.02891728736523533	2.9000000000000004
3.848586406468402	121.17432989485991	-1.7127282167528803	0.02600741045212123	3.0
3.834560035984552	121.0752841117042	-1.7102720372675257	0.023099847379084763	3.1
3.820762115299992	120.97620284192554	-1.708106533408191	0.020194366360078275	3.2
3.807164160629955	120.877092235993	-1.706231563377422	0.017290648253728596	3.3000000000000003
3.7937376881896734	120.77795844437584	-1.7046470092625268	0.014388297642805454	3.4000000000000004
3.7804542141943824	120.67880761754321	-1.7033527817604999	0.011486853811990393	3.5
3.7672852548593143	120.57964590596427	-1.702348824171669	0.008585801633194346	3.6
3.7542023263997026	120.48047946010821	-1.7016351156666927	0.005684582372778575	3.7
3.7411769450307824	120.3813144304442	-1.701211673830654	0.002782604439267659	3.8000000000000003
3.7281806269677857	120.28215696744141	-1.701078556486912	-0.00012074590647130324	3.9000000000000004
3.715184888425946	120.18301322156904	-1.7012358628021151	-0.0030260938540520163	4.0
3.7021612456204975	120.08388934329624	-1.7016837336724318	-0.005934065333121469	4.1000000000000005
3.6890826025827015	119.98479108752916	-1.702352626872799	-0.006574928049368909	4.2
3.675941472945663	119.88571861993627	-1.702970601706592	-0.00579171203873359	4.3
3.6627448955236503	119.78666796613821	-1.7035101585751007	-0.005007218058155511	4.4
3.6495002512607626	119.68763505423989	-1.7039712174852295	-0.004221665818431814	4.5
3.6362149211010983	119.58861581234616	-1.7043537130696191	-0.003435274243642143	4.6000000000000005
3.622896285988757	119.48960616856198	-1.7046575945285691	-0.00264826155020244	4.7
3.6095517268678385	119.39060205099217	-1.7048828255795982	-0.0018608453287407571	4.800000000000001
3.5961886246824415	119.29159938774166	-1.7050293844147824	-0.0010732426282342104	4.9
3.582814360376664	119.19259410691534	-1.7050972636659822	-0.00028567004184405857	5.0
3.5694363148946064	119.09358213661812	-1.7050864703780348	0.0005016562061143129	5.1000000000000005
3.5560618691803674	118.99455940495486	-1.7049970259899572	0.0012885201726299173	5.2
3.5426984041780463	118.89552184003047	-1.7048289663241731	0.002074706108445628	5.300000000000001
3.5293533008317417	118.79646536994984	-1.704582341583748	0.002859998371059013	5.4
3.5160339400855536	118.69738592281787	-1.7042572163575773	0.003644181338832857	5.5
3.5027477028835805	118.59827942673945	-1.7038536696334525	0.004427039326769917	5.6000000000000005
3.489501970169922	118.49914180981948	-1.7033717948188873	0.005208356504502581	5.7
3.4763041228886764	118.39996900016281	-1.7028116997695615	0.00598791681704318	5.800000000000001
3.4631615419839434	118.3007569258744	-1.702173506825208	0.006765503908834599	5.9
3.4500816083998225	118.20150151505909	-1.7014573528527361	0.007540901051634644	6.0
3.437071703080412	118.1021986958218	-1.700663389296354	0.008313891076759668	6.1000000000000005
3.4241392069698118	118.0028443962674	-1.6997917822344255	0.009084256312204775	6.2
3.4112915010121205	117.90343454450083	-1.6988427124427623	0.009851778525148446	6.300000000000001
3.3985360704882845	117.80396508630842	-1.6978027338335113	0.011841496515034147	6.4
3.38589738628772	117.70443484594999	-1.6962996534972732	0.01812022512645623	6.5
3.373435560702382	117.60484868767081	-1.6941660288997158	0.024398184046946894	6.6000000000000005
3.3612151972580193	117.50521223682505	-1.6914015186139257	0.030682504076926402	6.7
3.3493008994803777	117.40553111876687	-1.6880053179201029	0.03697988007816972	6.800000000000001
3.337757270895204	117.3058109588504	-1.6839761912301578	0.04329647331259651	6.9
3.326648915028245	117.20605738242985	-1.6793125114593435	0.04963780892984509	7.0
3.316040435405247	117.1062760148593	-1.674012306635898	0.05600866761457692	7.1000000000000005
3.3059964355519584	117.00647248149299	-1.6680733140878707	0.06241297060550619	7.2
3.296581518994124	116.90665240768502	-1.661493042582089	0.06885365754484057	7.300000000000001
3.2878602892574924	116.80682141878954	-1.654268842810939	0.07533255691769679	7.4
3.279897349867809	116.70698514016075	-1.6463979866252028	0.08185024920497894	7.5
3.272757304350822	116.60714919715275	-1.63787775539218	0.0884059233087047	7.6000000000000005
3.2665047562322767	116.50731921511976	-1.6287055378138722	0.0949972273232901	7.7
3.2612043090379204	116.40750081941587	-1.6188789374659913	0.10162011532515144	7.800000000000001
3.2569205662935006	116.30769963539528	-1.6083958902107098	0.10826869253802805	7.9
3.2537181315247636	116.20792128841212	-1.5972547914900859	0.11493506199959204	8.0
3.251661608257456	116.10817140382058	-1.5854546333190507	0.12160917669634011	8.1
3.250815600017325	116.00845560697478	-1.5729951505633677	0.12827870202997363	8.200000000000001
3.251244710330117	115.90877952322889	-1.5598769758068307	0.13492889440031722	8.3
3.25301354272158	115.80914877793707	-1.546101801782498	0.14154250259577933	8.4
3.256174805943202	115.70956835630452	-1.532109081813601	0.13743184041316647	8.5
3.2606991471175535	115.61003882717141	-1.5187394389758149	0.13093594164401898	8.6
3.2665226030476426	115.51055889673141	-1.5060173999277167	0.12438958925352493	8.700000000000001
3.273581088739659	115.4111272646234	-1.4939456718664206	0.1178103421329779	8.8
3.2818105191997953	115.31174263048621	-1.4825258754275188	0.11121343100525816	8.9
3.291146809434244	115.21240369395869	-1.4717586965757186	0.1046118324595456	9.0
3.301525874449196	115.11310915467972	-1.4616440322617243	0.09801636791153255	9.1
3.312883629250844	115.01385771228813	-1.4521811286947592	0.0914358212082561	9.200000000000001
3.32515598884538	114.9146480664228	-1.4433687113928453	0.08487706933940524	9.3
3.3382788682389957	114.81547891672257	-1.435205106444679	0.07834522150405697	9.4
3.352188182437884	114.71634896282629	-1.42768835264699	0.07184376257099284	9.5
3.366819846448235	114.61725690437281	-1.4208163043706612	0.06537469773062547	9.600000000000001
3.3821097752762417	114.51820144100101	-1.4145867251598432	0.05893869584540918	9.700000000000001
3.3979938839280956	114.41918127234972	-1.4089973721838274	0.05253522964986384	9.8
3.414408087409989	114.32019509805782	-1.4040460717450163	0.04616271152407739	9.9
3.431288300728114	114.22124161776415	-1.3997307861016308	0.03981862406389171	10.0
3.4485704388886633	114.12231953110755	-1.396049671894486	0.03349964509874275	10.100000000000001
3.466190416897827	114.02342753772689	-1.3930011304767986	0.027201767168599175	10.200000000000001
3.4840841497617974	113.92456433726105	-1.3905838504378591	0.0209204117703756	10.3
3.5021875524867676	113.82572862934883	-1.3887968425885218	0.01465053892800235	10.4
3.520436540078929	113.72691911362912	-1.3876394676415988	0.008386752835435461	10.5
3.5387670275444734	113.62813448974076	-1.3871114567757805	0.002123404474278523	10.600000000000001
3.557116347170562	113.5293736231638	-1.387113789681324	0.00045691279620949045	10.700000000000001
3.57546855240092	113.43064084638998	-1.386843924379232	0.004918948462182935	10.8
3.5938639446645286	113.3319470736914	-1.3861258229150417	0.009388359778135881	10.9
3.612346168629757	113.23330361054477	-1.384958990925698	0.01386636296856879	11.0
3.6309588689649748	113.13472176242679	-1.3833428554388498	0.018354095178775554	11.100000000000001
3.6497456903385515	113.03621283481414	-1.381276771630045	0.022852573842065422	11.200000000000001
3.668750277418858	112.93778813318349	-1.3787600323142477	0.027362655383041418	11.3
3.6880162748742626	112.83945896301158	-1.3757918802092244	0.0318849931689688	11.4
3.7075873273731363	112.74123662977506	-1.372371523012206	0.03641999465130948	11.5
3.7275070795838494	112.64313243895062	-1.3684981513332592	0.04096777767815635	11.600000000000001
3.7478191761747697	112.54515769601495	-1.3641709595284919	0.045528126006024	11.700000000000001
3.7685672618142685	112.44732370644475	-1.3593891694731224	0.05010044409666106	11.8
3.789794981170716	112.3496417757167	-1.3541520573080479	0.05468371135158402	11.9
3.81154597891248	112.25212320930751	-1.3484589831833314	0.059276436014121664	12.0
3.8338638997079326	112.15477931269385	-1.3423094240074753	0.06387660905589405	12.100000000000001
3.8567923882254416	112.0576213913524	-1.3357030091919657	0.06848165846155177	12.200000000000001
3.880375089133379	111.96066075075989	-1.3286395593558218	0.07308840443158933	12.3
3.904655647100112	111.86390869639295	-1.3211191279243755	0.07769301613694402	12.4
3.9296777067940134	111.76737653372831	-1.3131420455198028	0.08229097077912538	12.5
3.9554849128834504	111.67107556824266	-1.3047089669977807	0.08687701583329221	12.600000000000001
3.982120910036794	111.57501710541268	-1.2958209209348823	0.09144513547569164	12.700000000000001
4.009626379645989	111.47921158830181	-1.2866331076973898	0.09088246120117524	12.8
4.037998386631208	111.38365676611103	-1.2777699933122997	0.08694805768280789	12.9
4.067200785805311	111.28834072278154	-1.2692991887771177	0.08299289012112819	13.0
4.097196598573951	111.19325129970488	-1.2612219348740756	0.0790223427222428	13.100000000000001
4.127948846342777	111.09837633827267	-1.2535391339948678	0.07504123439906525	13.200000000000001
4.159420550517439	111.00370367987645	-1.2462513871256449	0.07105383585820081	13.3
4.1915747325035895	110.90922116590782	-1.2393590294731385	0.06706389024430069	13.4
4.224374413706881	110.81491663775839	-1.232862164561039	0.0630746366667475	13.5
4.257782615532963	110.72077793681972	-1.22676069665993	0.0590888359958449	13.600000000000001
4.291762359387486	110.62679290448337	-1.221054361444792	0.055108798381186944	13.700000000000001
4.326276666676104	110.53294938214097	-1.215742754801263	0.051136412011369536	13.8
4.361288558804464	110.43923521118407	-1.2108253597255278	0.047173172699892234	13.9
4.396761057178219	110.34563823300425	-1.2063015712829694	0.043220213945550826	14.0
4.4326571832030215	110.25214628899312	-1.2021707196077387	0.03927833717578864	14.100000000000001
4.468939958284521	110.15874722054222	-1.1984320909393689	0.03534804193757367	14.200000000000001
4.505572403828369	110.06542886904319	-1.1950849467036961	0.03142955585189447	14.3
4.5425175412402155	109.97217907588757	-1.192128540653917	0.027522864194620335	14.4
4.579738391925713	109.87898568246695	-1.189562134093835	0.023627739008117106	14.5
4.617197977290513	109.78583653017292	-1.1873850092095195	0.01974376768465344	14.600000000000001
4.654859318740265	109.69271946039706	-1.1855964805379469	0.015870380994370697	14.700000000000001
4.6926854376806215	109.59962231453095	-1.1841959046019754	0.012006880557580526	14.8
4.7306393555172335	109.50653293396618	-1.1831826877404683	0.008152465783608067	14.9
4.768698439515752	109.41344709990734	-1.182047972701662	0.01488411046329074	15.0
4.806905645731965	109.32039689411761	-1.1801874323291632	0.022109634446638864	15.100000000000001
4.845322663855744	109.2274247666163	-1.1775994350370853	0.029345883842964375	15.200000000000001
4.884011185025978	109.13457316822473	-1.1742828131731833	0.03660211590123338	15.3
4.92303290038156	109.0418845497642	-1.1702357997829698	0.04388692889370964	15.4
4.962449501061377	108.94940136205608	-1.1654560787154182	0.05120810557764074	15.5
5.002322678204322	108.85716605592161	-1.1599408458230172	0.05857244676649949	15.600000000000001
5.042714122949283	108.76522108218217	-1.153686881838784	0.06598559337859948	15.700000000000001
5.083685526435152	108.67360889165899	-1.1466906375889039	0.07345183575298746	15.8
5.12529857980082	108.58237193517347	-1.1389483322492149	0.0809739095554237	15.9
5.167614974185175	108.49155266354688	-1.1304560653704538	0.08855277826212454	16.0
5.210696400727109	108.40119352760055	-1.121209943373721	0.09618740302688004	16.1
5.25460455056551	108.3113369781558	-1.1112062211457474	0.10387450172740771	16.2
5.299401114839271	108.22202546603388	-1.1004414592342564	0.1116083001640301	16.3
5.34514778468728	108.1333014420562	-1.0889126969474956	0.11938027975469462	16.400000000000002
5.39190625124843	108.045207357044	-1.0766176413893271	0.12717892762964714	16.5
5.439738205661609	107.95778566181863	-1.0635548721032293	0.13498949675429778	16.6
5.488705339065707	107.87107880720139	-1.0497240605478073	0.14279378555517647	16.7
5.538869342599616	107.7851292440136	-1.0351262030781545	0.15056994841861285	16.8
5.590291907402226	107.69997942307656	-1.0197638654610515	0.15829235026920457	16.900000000000002
5.64303294233507	107.61567061305375	-1.003787939703713	0.15923893030969632	17.0
5.697097107954951	107.53220743723617	-0.9883330373080829	0.1515679951690503	17.1
5.752424500645609	107.44955169446655	-0.973642681465457	0.1438077188626033	17.2
5.8089515571469335	107.36766275620073	-0.9597218203166583	0.13598700854775866	17.3
5.866614714198811	107.28649999389454	-0.9465736134278269	0.12813106067470265	17.400000000000002
5.925350408541127	107.20602277900377	-0.9341996749065623	0.12026143955194596	17.5
5.985095076913773	107.12619048298426	-0.9226003081291471	0.11239621400642899	17.6
6.045785156056633	107.04696247729183	-0.9117747293851145	0.10455013810378097	17.7
6.107357082709597	106.9682981333823	-0.9017212784469977	0.09673486339222818	17.8
6.169747293612551	106.8901568227115	-0.8924376146881198	0.08895917183568608	17.900000000000002
6.232892225505382	106.81249791673524	-0.88392089789444	0.08122922037277668	18.0
6.296728315127979	106.73528078690937	-0.8761679533479154	0.07354878977720877	18.1
6.361191999220226	106.65846480468969	-0.8691754211025079	0.0659195321298105	18.2
6.426219714522016	106.58200934153201	-0.8629398896364815	0.05834121269825977	18.3
6.491747897773234	106.50587376889219	-0.8574580142541982	0.05081194333313519	18.400000000000002
6.557712985713763	106.43001745822599	-0.8527266207360868	0.043328405620249075	18.5
6.624051415083496	106.35439978098931	-0.8487427948058827	0.035886062982975746	18.6
6.690699622622318	106.27898010863791	-0.8455039580082764	0.02847936171564062	18.7
6.757594045070118	106.20371781262766	-0.8430079305758134	0.021101921565623814	18.8
6.8246711191667835	106.12857226441433	-0.8412529818185924	0.013746716985192023	18.900000000000002
6.891867281652198	106.0535028354538	-0.8402378685004814	0.006406250561596251	19.0
