8.429	124.5	1.1106856733387747	0.0	0.0
8.473404725555314	124.58960033676475	1.1106856733387747	0.0	0.1
8.51780945111063	124.67920067352951	1.1106856733387747	0.0	0.2
8.562214176665943	124.76880101029425	1.1106856733387747	0.0	0.30000000000000004
8.606618902221257	124.85840134705902	1.1106856733387747	0.0	0.4
8.651023627776572	124.94800168382376	1.1106856733387747	0.0	0.5
8.695428353331886	125.03760202058852	1.1106856733387747	0.0	0.6000000000000001
8.739833078887202	125.12720235735327	1.1106856733387747	0.0	0.7000000000000001
8.784237804442515	125.21680269411803	1.1106856733387747	0.0	0.8
8.828642529997829	125.30640303088278	1.1106856733387747	0.0	0.9
8.873047255553145	125.39600336764754	1.1106856733387747	0.0	1.0
8.917451981108458	125.48560370441228	1.1106856733387747	0.0	1.1
8.961856706663772	125.57520404117705	1.1106856733387747	0.0	1.2000000000000002
9.006261432219087	125.66480437794179	1.1106856733387747	0.0	1.3
9.050666157774401	125.75440471470655	1.1106856733387747	0.0	1.4000000000000001
9.095070883329715	125.8440050514713	1.1106856733387747	0.0	1.5
9.13947560888503	125.93360538823606	1.1106856733387747	0.0	1.6
9.183880334440344	126.0232057250008	1.1106856733387747	0.0	1.7000000000000002
9.228285059995658	126.11280606176555	1.1106856733387747	0.0	1.8
9.272689785550973	126.20240639853031	1.1106856733387747	0.0	1.9000000000000001
9.317094511106287	126.29200673529506	1.1106856733387747	0.0	2.0
9.3614992366616	126.38160707205982	1.1106856733387747	0.0	2.1
9.405903962216916	126.47120740882457	1.1106856733387747	0.0	2.2
9.45030868777223	126.56080774558933	1.1106856733387747	0.0	2.3000000000000003
9.494713413327545	126.65040808235408	1.1106856733387747	0.0	2.4000000000000004
9.53911813888286	126.74000841911884	1.1106856733387747	0.0	2.5
9.583522864438173	126.82960875588358	1.1106856733387747	0.0	2.6
9.627927589993488	126.91920909264834	1.1106856733387747	0.0	2.7
9.672332315548802	127.00880942941309	1.1106856733387747	0.0	2.8000000000000003
9.716737041104116	127.09840976617785	1.1106856733387747	0.0	2.9000000000000004
9.761141766659431	127.1880101029426	1.1106856733387747	0.0	3.0
9.805546492214745	127.27761043970736	1.1106856733387747	0.0	3.1
9.849951217770059	127.3672107764721	1.1106856733387747	0.0	3.2
9.894355943325374	127.45681111323687	1.1106856733387747	0.0	3.3000000000000003
9.938760668880688	127.54641145000161	1.1106856733387747	0.0	3.4000000000000004
9.983165394436002	127.63601178676637	1.1106856733387747	0.0	3.5
10.027570119991317	127.72561212353112	1.1106856733387747	0.0	3.6
10.071974845546631	127.81521246029587	1.1106856733387747	0.0	3.7
10.116379571101945	127.90481279706063	1.1106856733387747	0.0	3.8000000000000003
10.16078429665726	127.99441313382538	1.1106856733387747	0.0	3.9000000000000004
10.205189022212574	128.08401347059012	1.1106856733387747	0.0	4.0
10.24959374776789	128.17361380735488	1.1106856733387747	0.0	4.1000000000000005
10.293998473323203	128.26321414411964	1.1106856733387747	0.0	4.2
10.338403198878517	128.3528144808844	1.1106856733387747	0.0	4.3
10.382807924433832	128.44241481764914	1.1106856733387747	0.0	4.4
10.427212649989146	128.5320151544139	1.1106856733387747	0.0	4.5
10.471617375544461	128.62161549117866	1.1106856733387747	0.0	4.6000000000000005
10.516022101099775	128.71121582794342	1.1106856733387747	0.0	4.7
10.560426826655089	128.80081616470815	1.1106856733387747	0.0	4.800000000000001
10.604831552210403	128.8904165014729	1.1106856733387747	0.0	4.9
10.649236277765718	128.98001683823767	1.1106856733387747	0.0	5.0
10.693641003321032	129.06961717500243	1.1106856733387747	0.0	5.1000000000000005
10.738045728876347	129.15921751176717	1.1106856733387747	0.0	5.2
10.782450454431661	129.24881784853193	1.1106856733387747	0.0	5.300000000000001
10.826855179986975	129.3384181852967	1.1106856733387747	0.0	5.4
10.871259905542288	129.42801852206142	1.1106856733387747	0.0	5.5
10.915664631097604	129.51761885882618	1.1106856733387747	0.0	5.6000000000000005
10.960069356652918	129.60721919559094	1.1106856733387747	0.0	5.7
11.004474082208233	129.6968195323557	1.1106856733387747	0.0	5.800000000000001
11.048878807763547	129.78641986912044	1.1106856733387747	0.0	5.9
11.09328353331886	129.8760202058852	1.1106856733387747	0.0	6.0
11.137688258874176	129.96562054264996	1.1106856733387747	0.0	6.1000000000000005
11.18209298442949	130.05522087941472	1.1106856733387747	0.0	6.2
11.226497709984805	130.14482121617945	1.1106856733387747	0.0	6.300000000000001
11.270902435540119	130.2344215529442	1.1106856733387747	0.0	6.4
11.315307161095433	130.32402188970897	1.1106856733387747	0.0	6.5
11.359711886650746	130.41362222647373	1.1106856733387747	0.0	6.6000000000000005
11.404116612206062	130.50322256323847	1.1106856733387747	0.0	6.7
11.448521337761376	130.59282290000323	1.1106856733387747	0.0	6.800000000000001
11.492926063316691	130.682423236768	1.1106856733387747	0.0	6.9
11.537330788872005	130.77202357353275	1.1106856733387747	0.0	7.0
11.581735514427319	130.86162391029748	1.1106856733387747	0.0	7.1000000000000005
11.626140239982632	130.95122424706224	1.1106856733387747	0.0	7.2
11.670544965537948	131.040824583827	1.1106856733387747	0.0	7.300000000000001
11.714949691093262	131.13042492059174	1.1106856733387747	0.0	7.4
11.759354416648577	131.2200252573565	1.1106856733387747	0.0	7.5
11.80375914220389	131.30962559412126	1.1106856733387747	0.0	7.6000000000000005
11.848163867759204	131.39922593088602	1.1106856733387747	0.0	7.7
11.89256859331452	131.48882626765075	1.1106856733387747	0.0	7.800000000000001
11.936973318869834	131.5784266044155	1.1106856733387747	0.0	7.9
11.981378044425147	131.66802694118027	1.1106856733387747	0.0	8.0
12.025782769980463	131.75762727794503	1.1106856733387747	0.0	8.1
12.070187495535777	131.84722761470977	1.1106856733387747	0.0	8.200000000000001
12.11459222109109	131.93682795147453	1.1106856733387747	0.0	8.3
12.158996946646406	132.0264282882393	1.1106856733387747	0.0	8.4
12.20340167220172	132.11602862500405	1.1106856733387747	0.0	8.5
12.247806397757033	132.20562896176878	1.1106856733387747	0.0	8.6
12.292211123312349	132.29522929853354	1.1106856733387747	0.0	8.700000000000001
12.336615848867662	132.3848296352983	1.1106856733387747	0.0	8.8
12.381020574422976	132.47442997206304	1.1106856733387747	0.0	8.9
12.425425299978292	132.5640303088278	1.1106856733387747	0.0	9.0
12.469830025533605	132.65363064559256	1.1106856733387747	0.0	9.1
12.514234751088921	132.74323098235732	1.1106856733387747	0.0	9.200000000000001
12.558639476644235	132.83283131912205	1.1106856733387747	0.0	9.3
12.603044202199548	132.9224316558868	1.1106856733387747	0.0	9.4
12.647448927754862	133.01203199265157	1.1106856733387747	0.0	9.5
12.69185365331018	133.10163232941633	1.1106856733387747	0.0	9.600000000000001
12.736258378865493	133.19123266618107	1.1106856733387747	0.0	9.700000000000001
12.780663104420807	133.28083300294583	1.1106856733387747	0.0	9.8
12.82506782997612	133.3704333397106	1.1106856733387747	0.0	9.9
12.869472555531434	133.46003367647535	1.1106856733387747	0.0	10.0
12.91387728108675	133.54963401324008	1.1106856733387747	0.0	10.100000000000001
12.958282006642065	133.63923435000484	1.1106856733387747	0.0	10.200000000000001
13.002686732197379	133.7288346867696	1.1106856733387747	0.0	10.3
13.047091457752693	133.81843502353433	1.1106856733387747	0.0	10.4
13.091496183308006	133.9080353602991	1.1106856733387747	0.0	10.5
13.135900908863322	133.99763569706386	1.1106856733387747	0.0	10.600000000000001
13.180305634418636	134.08723603382862	1.1106856733387747	0.0	10.700000000000001
13.224710359973951	134.17683637059335	1.1106856733387747	0.0	10.8
13.269115085529265	134.2664367073581	1.1106856733387747	0.0	10.9
13.313519811084578	134.35603704412287	1.1106856733387747	0.0	11.0
13.357924536639892	134.44563738088763	1.1106856733387747	0.0	11.100000000000001
13.402329262195208	134.53523771765236	1.1106856733387747	0.0	11.200000000000001
13.446733987750521	134.62483805441713	1.1106856733387747	0.0	11.3
13.491138713305837	134.7144383911819	1.1106856733387747	0.0	11.4
13.53554343886115	134.80403872794665	1.1106856733387747	0.0	11.5
13.579948164416464	134.89363906471138	1.1106856733387747	0.0	11.600000000000001
13.624352889971778	134.98323940147614	1.1106856733387747	0.0	11.700000000000001
13.668757615527094	135.0728397382409	1.1106856733387747	0.0	11.8
13.713162341082407	135.16244007500566	1.1106856733387747	0.0	11.9
13.757567066637723	135.2520404117704	1.1106856733387747	0.0	12.0
13.801971792193036	135.34164074853516	1.1106856733387747	0.0	12.100000000000001
13.84637651774835	135.43124108529992	1.1106856733387747	0.0	12.200000000000001
13.890781243303664	135.52084142206468	1.1106856733387747	0.0	12.3
13.93518596885898	135.6104417588294	1.1106856733387747	0.0	12.4
13.979590694414293	135.70004209559417	1.1106856733387747	0.0	12.5
14.023995419969609	135.78964243235893	1.1106856733387747	0.0	12.600000000000001
14.068400145524922	135.87924276912366	1.1106856733387747	0.0	12.700000000000001
14.112804871080236	135.96884310588842	1.1106856733387747	0.0	12.8
14.15720959663555	136.05844344265319	1.1106856733387747	0.0	12.9
14.201614322190865	136.14804377941795	1.1106856733387747	0.0	13.0
14.24601904774618	136.23764411618268	1.1106856733387747	0.0	13.100000000000001
14.290423773301494	136.32724445294744	1.1106856733387747	0.0	13.200000000000001
14.334828498856808	136.4168447897122	1.1106856733387747	0.0	13.3
14.379233224412122	136.50644512647696	1.1106856733387747	0.0	13.4
14.423637949967436	136.5960454632417	1.1106856733387747	0.0	13.5
14.468042675522753	136.68564580000645	1.1106856733387747	0.0	13.600000000000001
14.512447401078067	136.77524613677122	1.1106856733387747	0.0	13.700000000000001
14.55685212663338	136.86484647353598	1.1106856733387747	0.0	13.8
14.601256852188694	136.9544468103007	1.1106856733387747	0.0	13.9
14.645661577744008	137.04404714706547	1.1106856733387747	0.0	14.0
14.690066303299323	137.13364748383023	1.1106856733387747	0.0	14.100000000000001
14.734471028854639	137.22324782059496	1.1106856733387747	0.0	14.200000000000001
14.778875754409952	137.31284815735972	1.1106856733387747	0.0	14.3
14.823280479965266	137.40244849412449	1.1106856733387747	0.0	14.4
14.86768520552058	137.49204883088925	1.1106856733387747	0.0	14.5
14.912089931075895	137.58164916765398	1.1106856733387747	0.0	14.600000000000001
14.95649465663121	137.67124950441874	1.1106856733387747	0.0	14.700000000000001
15.000899382186525	137.7608498411835	1.1106856733387747	0.0	14.8
15.045304107741838	137.85045017794826	1.1106856733387747	0.0	14.9
15.089708833297152	137.940050514713	1.1106856733387747	0.0	15.0
15.134113558852466	138.02965085147775	1.1106856733387747	0.0	15.100000000000001
15.178518284407781	138.11925118824252	1.1106856733387747	0.0	15.200000000000001
15.222923009963095	138.20885152500728	1.1106856733387747	0.0	15.3
15.26732773551841	138.298451861772	1.1106856733387747	0.0	15.4
15.311732461073724	138.38805219853677	1.1106856733387747	0.0	15.5
15.356137186629038	138.47765253530153	1.1106856733387747	0.0	15.600000000000001
15.400541912184352	138.56725287206626	1.1106856733387747	0.0	15.700000000000001
15.444946637739667	138.65685320883102	1.1106856733387747	0.0	15.8
15.48935136329498	138.74645354559578	1.1106856733387747	0.0	15.9
15.533756088850296	138.83605388236055	1.1106856733387747	0.0	16.0
15.57816081440561	138.92565421912528	1.1106856733387747	0.0	16.1
15.622565539960924	139.01525455589004	1.1106856733387747	0.0	16.2
15.666970265516238	139.1048548926548	1.1106856733387747	0.0	16.3
15.711374991071555	139.19445522941956	1.1106856733387747	0.0	16.400000000000002
15.755779716626868	139.2840555661843	1.1106856733387747	0.0	16.5
15.800184442182182	139.37365590294905	1.1106856733387747	0.0	16.6
15.844589167737496	139.46325623971381	1.1106856733387747	0.0	16.7
15.88899389329281	139.55285657647858	1.1106856733387747	0.0	16.8
15.933398618848125	139.6424569132433	1.1106856733387747	0.0	16.900000000000002
15.977803344403439	139.73205725000807	1.1106856733387747	0.0	17.0
16.022208069958754	139.82165758677283	1.1106856733387747	0.0	17.1
16.066612795514068	139.91125792353756	1.1106856733387747	0.0	17.2
16.111017521069382	140.00085826030232	1.1106856733387747	0.0	17.3
16.155422246624696	140.09045859706708	1.1106856733387747	0.0	17.400000000000002
16.199826972180013	140.18005893383184	1.1106856733387747	0.0	17.5
16.244231697735326	140.2696592705966	1.1106856733387747	0.0	17.6
16.28863642329064	140.35925960736134	1.1106856733387747	0.0	17.7
16.333041148845954	140.4488599441261	1.1106856733387747	0.0	17.8
16.377445874401268	140.53846028089086	1.1106856733387747	0.0	17.900000000000002
16.42185059995658	140.6280606176556	1.1106856733387747	0.0	18.0
16.466255325511895	140.71766095442035	1.1106856733387747	0.0	18.1
16.510660051067212	140.8072612911851	1.1106856733387747	0.0	18.2
16.555064776622526	140.89686162794987	1.1106856733387747	0.0	18.3
16.59946950217784	140.9864619647146	1.1106856733387747	0.0	18.400000000000002
16.643874227733154	141.07606230147937	1.1106856733387747	0.0	18.5
16.688278953288467	141.16566263824413	1.1106856733387747	0.0	18.6
16.732683678843784	141.25526297500886	1.1106856733387747	0.0	18.7
16.777088404399098	141.34486331177362	1.1106856733387747	0.0	18.8
16.821493129954412	141.43446364853838	1.1106856733387747	0.0	18.900000000000002
16.865897855509726	141.52406398530314	1.1106856733387747	0.0	19.0
16.91030258106504	141.6136643220679	1.1106856733387747	0.0	19.1
16.954707306620357	141.70326465883264	1.1106856733387747	0.0	19.200000000000003
16.999112032175667	141.7928649955974	1.1106856733387747	0.0	19.3
17.043516757730984	141.88246533236216	1.1106856733387747	0.0	19.400000000000002
17.087921483286298	141.9720656691269	1.1106856733387747	0.0	19.5
17.13232620884161	142.06166600589165	1.1106856733387747	0.0	19.6
17.17673093439693	142.1512663426564	1.1106856733387747	0.0	19.700000000000003
17.22113565995224	142.24086667942117	1.1106856733387747	0.0	19.8
17.265540385507556	142.33046701618593	1.1106856733387747	0.0	19.900000000000002
