107.95643425516653	98.21989354876186	1.0828984074064534	0.0	0.0
108.00331126666204	98.30822556896547	1.0828984074064534	0.0	0.1
108.05018827815753	98.39655758916908	1.0828984074064534	0.0	0.2
108.09706528965305	98.48488960937267	1.0828984074064534	0.0	0.30000000000000004
108.14394230114854	98.57322162957628	1.0828984074064534	0.0	0.4
108.19081931264405	98.66155364977989	1.0828984074064534	0.0	0.5
108.23769632413956	98.7498856699835	1.0828984074064534	0.0	0.6000000000000001
108.28457333563506	98.83821769018711	1.0828984074064534	0.0	0.7000000000000001
108.33145034713057	98.92654971039072	1.0828984074064534	0.0	0.8
108.37832735862607	99.01488173059431	1.0828984074064534	0.0	0.9
108.42520437012158	99.10321375079792	1.0828984074064534	0.0	1.0
108.47208138161709	99.19154577100153	1.0828984074064534	0.0	1.1
108.51895839311258	99.27987779120514	1.0828984074064534	0.0	1.2000000000000002
108.5658354046081	99.36820981140875	1.0828984074064534	0.0	1.3
108.61271241610359	99.45654183161234	1.0828984074064534	0.0	1.4000000000000001
108.6595894275991	99.54487385181595	1.0828984074064534	0.0	1.5
108.70646643909461	99.63320587201956	1.0828984074064534	0.0	1.6
108.75334345059011	99.72153789222317	1.0828984074064534	0.0	1.7000000000000002
108.80022046208562	99.80986991242678	1.0828984074064534	0.0	1.8
108.84709747358112	99.89820193263037	1.0828984074064534	0.0	1.9000000000000001
108.89397448507663	99.98653395283398	1.0828984074064534	0.0	2.0
108.94085149657214	100.07486597303759	1.0828984074064534	0.0	2.1
108.98772850806763	100.1631979932412	1.0828984074064534	0.0	2.2
109.03460551956314	100.2515300134448	1.0828984074064534	0.0	2.3000000000000003
109.08148253105864	100.33986203364842	1.0828984074064534	0.0	2.4000000000000004
109.12835954255415	100.42819405385201	1.0828984074064534	0.0	2.5
109.17523655404966	100.51652607405562	1.0828984074064534	0.0	2.6
109.22211356554516	100.60485809425923	1.0828984074064534	0.0	2.7
109.26899057704067	100.69319011446284	1.0828984074064534	0.0	2.8000000000000003
109.31586758853616	100.78152213466645	1.0828984074064534	0.0	2.9000000000000004
109.36274460003168	100.86985415487004	1.0828984074064534	0.0	3.0
109.40962161152719	100.95818617507365	1.0828984074064534	0.0	3.1
109.45649862302268	101.04651819527726	1.0828984074064534	0.0	3.2
109.50337563451819	101.13485021548087	1.0828984074064534	0.0	3.3000000000000003
109.55025264601369	101.22318223568448	1.0828984074064534	0.0	3.4000000000000004
109.5971296575092	101.31151425588808	1.0828984074064534	0.0	3.5
109.64400666900471	101.39984627609168	1.0828984074064534	0.0	3.6
109.6908836805002	101.48817829629529	1.0828984074064534	0.0	3.7
109.73776069199572	101.5765103164989	1.0828984074064534	0.0	3.8000000000000003
109.78463770349121	101.6648423367025	1.0828984074064534	0.0	3.9000000000000004
109.83151471498672	101.75317435690611	1.0828984074064534	0.0	4.0
109.87839172648223	101.84150637710971	1.0828984074064534	0.0	4.1000000000000005
109.92526873797773	101.92983839731332	1.0828984074064534	0.0	4.2
109.97214574947324	102.01817041751693	1.0828984074064534	0.0	4.3
110.01902276096874	102.10650243772054	1.0828984074064534	0.0	4.4
110.06589977246425	102.19483445792414	1.0828984074064534	0.0	4.5
110.11277678395976	102.28316647812775	1.0828984074064534	0.0	4.6000000000000005
110.15965379545526	102.37149849833135	1.0828984074064534	0.0	4.7
110.20653080695077	102.45983051853496	1.0828984074064534	0.0	4.800000000000001
110.25340781844626	102.54816253873857	1.0828984074064534	0.0	4.9
110.30028482994177	102.63649455894218	1.0828984074064534	0.0	5.0
110.34716184143728	102.72482657914578	1.0828984074064534	0.0	5.1000000000000005
110.39403885293278	102.81315859934938	1.0828984074064534	0.0	5.2
110.44091586442829	102.90149061955299	1.0828984074064534	0.0	5.300000000000001
110.48779287592379	102.9898226397566	1.0828984074064534	0.0	5.4
110.5346698874193	103.0781546599602	1.0828984074064534	0.0	5.5
110.58154689891481	103.16648668016381	1.0828984074064534	0.0	5.6000000000000005
110.6284239104103	103.25481870036741	1.0828984074064534	0.0	5.7
110.67530092190582	103.34315072057102	1.0828984074064534	0.0	5.800000000000001
110.72217793340131	103.43148274077463	1.0828984074064534	0.0	5.9
110.76905494489682	103.51981476097824	1.0828984074064534	0.0	6.0
110.81593195639233	103.60814678118184	1.0828984074064534	0.0	6.1000000000000005
110.86280896788783	103.69647880138545	1.0828984074064534	0.0	6.2
110.90968597938334	103.78481082158905	1.0828984074064534	0.0	6.300000000000001
110.95656299087884	103.87314284179266	1.0828984074064534	0.0	6.4
111.00344000237435	103.96147486199627	1.0828984074064534	0.0	6.5
111.05031701386986	104.04980688219987	1.0828984074064534	0.0	6.6000000000000005
111.09719402536535	104.13813890240348	1.0828984074064534	0.0	6.7
111.14407103686086	104.22647092260708	1.0828984074064534	0.0	6.800000000000001
111.19094804835636	104.31480294281069	1.0828984074064534	0.0	6.9
111.23782505985187	104.4031349630143	1.0828984074064534	0.0	7.0
111.28470207134738	104.4914669832179	1.0828984074064534	0.0	7.1000000000000005
111.33157908284288	104.57979900342151	1.0828984074064534	0.0	7.2
111.37845609433839	104.66813102362511	1.0828984074064534	0.0	7.300000000000001
111.42533310583389	104.75646304382872	1.0828984074064534	0.0	7.4
111.4722101173294	104.84479506403233	1.0828984074064534	0.0	7.5
111.5190871288249	104.93312708423593	1.0828984074064534	0.0	7.6000000000000005
111.5659641403204	105.02145910443954	1.0828984074064534	0.0	7.7
111.61284115181591	105.10979112464315	1.0828984074064534	0.0	7.800000000000001
111.65971816331141	105.19812314484675	1.0828984074064534	0.0	7.9
111.70659517480692	105.28645516505036	1.0828984074064534	0.0	8.0
111.75347218630243	105.37478718525396	1.0828984074064534	0.0	8.1
111.80034919779793	105.46311920545757	1.0828984074064534	0.0	8.200000000000001
111.84722620929344	105.55145122566118	1.0828984074064534	0.0	8.3
111.89410322078894	105.63978324586478	1.0828984074064534	0.0	8.4
111.94098023228445	105.72811526606839	1.0828984074064534	0.0	8.5
111.98785724377996	105.816447286272	1.0828984074064534	0.0	8.6
112.03473425527545	105.9047793064756	1.0828984074064534	0.0	8.700000000000001
112.08161126677096	105.99311132667921	1.0828984074064534	0.0	8.8
112.12848827826646	106.08144334688282	1.0828984074064534	0.0	8.9
112.17536528976197	106.16977536708642	1.0828984074064534	0.0	9.0
112.22224230125748	106.25810738729002	1.0828984074064534	0.0	9.1
112.26911931275298	106.34643940749363	1.0828984074064534	0.0	9.200000000000001
112.31599632424849	106.43477142769724	1.0828984074064534	0.0	9.3
112.36287333574398	106.52310344790085	1.0828984074064534	0.0	9.4
112.4097503472395	106.61143546810445	1.0828984074064534	0.0	9.5
112.456627358735	106.69976748830805	1.0828984074064534	0.0	9.600000000000001
112.5035043702305	106.78809950851166	1.0828984074064534	0.0	9.700000000000001
112.55038138172601	106.87643152871527	1.0828984074064534	0.0	9.8
112.59725839322151	106.96476354891888	1.0828984074064534	0.0	9.9
112.64413540471702	107.05309556912249	1.0828984074064534	0.0	10.0
112.69101241621253	107.14142758932609	1.0828984074064534	0.0	10.100000000000001
112.73788942770803	107.2297596095297	1.0828984074064534	0.0	10.200000000000001
112.78476643920354	107.3180916297333	1.0828984074064534	0.0	10.3
112.83164345069903	107.40642364993691	1.0828984074064534	0.0	10.4
112.87852046219454	107.4947556701405	1.0828984074064534	0.0	10.5
112.92539747369005	107.58308769034412	1.0828984074064534	0.0	10.600000000000001
112.97227448518555	107.67141971054772	1.0828984074064534	0.0	10.700000000000001
113.01915149668106	107.75975173075133	1.0828984074064534	0.0	10.8
113.06602850817656	107.84808375095494	1.0828984074064534	0.0	10.9
113.11290551967207	107.93641577115855	1.0828984074064534	0.0	11.0
113.15978253116758	108.02474779136216	1.0828984074064534	0.0	11.100000000000001
113.20665954266308	108.11307981156575	1.0828984074064534	0.0	11.200000000000001
113.25353655415859	108.20141183176936	1.0828984074064534	0.0	11.3
113.30041356565408	108.28974385197297	1.0828984074064534	0.0	11.4
113.3472905771496	108.37807587217658	1.0828984074064534	0.0	11.5
113.3941675886451	108.46640789238019	1.0828984074064534	0.0	11.600000000000001
113.4410446001406	108.55473991258378	1.0828984074064534	0.0	11.700000000000001
113.48792161163611	108.6430719327874	1.0828984074064534	0.0	11.8
113.5347986231316	108.731403952991	1.0828984074064534	0.0	11.9
113.58167563462712	108.81973597319461	1.0828984074064534	0.0	12.0
113.62855264612263	108.90806799339822	1.0828984074064534	0.0	12.100000000000001
113.67542965761812	108.99640001360183	1.0828984074064534	0.0	12.200000000000001
113.72230666911364	109.08473203380542	1.0828984074064534	0.0	12.3
113.76918368060913	109.17306405400903	1.0828984074064534	0.0	12.4
113.81606069210464	109.26139607421264	1.0828984074064534	0.0	12.5
113.86293770360015	109.34972809441625	1.0828984074064534	0.0	12.600000000000001
113.90981471509565	109.43806011461984	1.0828984074064534	0.0	12.700000000000001
113.95669172659116	109.52639213482345	1.0828984074064534	0.0	12.8
114.00356873808666	109.61472415502706	1.0828984074064534	0.0	12.9
114.05044574958217	109.70305617523067	1.0828984074064534	0.0	13.0
114.09732276107768	109.79138819543428	1.0828984074064534	0.0	13.100000000000001
114.14419977257317	109.87972021563789	1.0828984074064534	0.0	13.200000000000001
114.19107678406868	109.96805223584148	1.0828984074064534	0.0	13.3
114.23795379556418	110.05638425604509	1.0828984074064534	0.0	13.4
114.28483080705969	110.1447162762487	1.0828984074064534	0.0	13.5
114.3317078185552	110.23304829645231	1.0828984074064534	0.0	13.600000000000001
114.3785848300507	110.32138031665592	1.0828984074064534	0.0	13.700000000000001
114.42546184154621	110.40971233685951	1.0828984074064534	0.0	13.8
114.4723388530417	110.49804435706312	1.0828984074064534	0.0	13.9
114.51921586453722	110.58637637726673	1.0828984074064534	0.0	14.0
114.56609287603273	110.67470839747034	1.0828984074064534	0.0	14.100000000000001
114.61296988752822	110.76304041767395	1.0828984074064534	0.0	14.200000000000001
114.65984689902373	110.85137243787756	1.0828984074064534	0.0	14.3
114.70672391051923	110.93970445808115	1.0828984074064534	0.0	14.4
114.75360092201474	111.02803647828476	1.0828984074064534	0.0	14.5
114.80047793351025	111.11636849848837	1.0828984074064534	0.0	14.600000000000001
114.84735494500575	111.20470051869198	1.0828984074064534	0.0	14.700000000000001
114.89423195650126	111.29303253889559	1.0828984074064534	0.0	14.8
114.94110896799675	111.38136455909918	1.0828984074064534	0.0	14.9
114.98798597949227	111.46969657930279	1.0828984074064534	0.0	15.0
115.03486299098778	111.5580285995064	1.0828984074064534	0.0	15.100000000000001
115.08174000248327	111.64636061971001	1.0828984074064534	0.0	15.200000000000001
115.12861701397878	111.73469263991362	1.0828984074064534	0.0	15.3
115.17549402547428	111.82302466011723	1.0828984074064534	0.0	15.4
115.22237103696979	111.91135668032082	1.0828984074064534	0.0	15.5
115.2692480484653	111.99968870052443	1.0828984074064534	0.0	15.600000000000001
115.3161250599608	112.08802072072804	1.0828984074064534	0.0	15.700000000000001
115.36300207145631	112.17635274093165	1.0828984074064534	0.0	15.8
115.4098790829518	112.26468476113526	1.0828984074064534	0.0	15.9
115.45675609444731	112.35301678133885	1.0828984074064534	0.0	16.0
115.50363310594282	112.44134880154246	1.0828984074064534	0.0	16.1
115.55051011743832	112.52968082174607	1.0828984074064534	0.0	16.2
115.59738712893383	112.61801284194968	1.0828984074064534	0.0	16.3
115.64426414042933	112.70634486215329	1.0828984074064534	0.0	16.400000000000002
115.69114115192484	112.7946768823569	1.0828984074064534	0.0	16.5
115.73801816342035	112.88300890256049	1.0828984074064534	0.0	16.6
115.78489517491585	112.9713409227641	1.0828984074064534	0.0	16.7
115.83177218641136	113.05967294296771	1.0828984074064534	0.0	16.8
115.87864919790685	113.14800496317132	1.0828984074064534	0.0	16.900000000000002
115.92552620940236	113.23633698337491	1.0828984074064534	0.0	17.0
115.97240322089787	113.32466900357852	1.0828984074064534	0.0	17.1
116.01928023239337	113.41300102378213	1.0828984074064534	0.0	17.2
116.06615724388888	113.50133304398574	1.0828984074064534	0.0	17.3
116.11303425538438	113.58966506418935	1.0828984074064534	0.0	17.400000000000002
116.15991126687989	113.67799708439296	1.0828984074064534	0.0	17.5
116.2067882783754	113.76632910459657	1.0828984074064534	0.0	17.6
116.2536652898709	113.85466112480016	1.0828984074064534	0.0	17.7
116.3005423013664	113.94299314500377	1.0828984074064534	0.0	17.8
116.3474193128619	114.03132516520738	1.0828984074064534	0.0	17.900000000000002
116.39429632435741	114.11965718541099	1.0828984074064534	0.0	18.0
116.44117333585292	114.2079892056146	1.0828984074064534	0.0	18.1
116.48805034734842	114.29632122581819	1.0828984074064534	0.0	18.2
116.53492735884393	114.3846532460218	1.0828984074064534	0.0	18.3
116.58180437033943	114.47298526622541	1.0828984074064534	0.0	18.400000000000002
116.62868138183494	114.56131728642902	1.0828984074064534	0.0	18.5
116.67555839333045	114.64964930663263	1.0828984074064534	0.0	18.6
116.72243540482594	114.73798132683622	1.0828984074064534	0.0	18.7
116.76931241632145	114.82631334703983	1.0828984074064534	0.0	18.8
116.81618942781695	114.91464536724344	1.0828984074064534	0.0	18.900000000000002
116.86306643931246	115.00297738744705	1.0828984074064534	0.0	19.0
116.90994345080797	115.09130940765066	1.0828984074064534	0.0	19.1
116.95682046230347	115.17964142785426	1.0828984074064534	0.0	19.200000000000003
117.00369747379898	115.26797344805786	1.0828984074064534	0.0	19.3
117.05057448529448	115.35630546826147	1.0828984074064534	0.0	19.400000000000002
117.09745149678999	115.44463748846508	1.0828984074064534	0.0	19.5
117.1443285082855	115.53296950866869	1.0828984074064534	0.0	19.6
117.191205519781	115.6213015288723	1.0828984074064534	0.0	19.700000000000003
117.2380825312765	115.7096335490759	1.0828984074064534	0.0	19.8
117.284959542772	115.7979655692795	1.0828984074064534	0.0	19.900000000000002
117.33183655426751	115.8862975894831	1.0828984074064534	0.0	20.0
117.37871356576302	115.97462960968672	1.0828984074064534	0.0	20.1
117.42559057725852	116.06296162989032	1.0828984074064534	0.0	20.200000000000003
117.47246758875403	116.15129365009392	1.0828984074064534	0.0	20.3
117.51934460024953	116.23962567029753	1.0828984074064534	0.0	20.400000000000002
117.56622161174504	116.32795769050114	1.0828984074064534	0.0	20.5
117.61309862324055	116.41628971070475	1.0828984074064534	0.0	20.6
117.65997563473604	116.50462173090835	1.0828984074064534	0.0	20.700000000000003
117.70685264623155	116.59295375111196	1.0828984074064534	0.0	20.8
117.75372965772705	116.68128577131557	1.0828984074064534	0.0	20.900000000000002
117.80060666922256	116.76961779151917	1.0828984074064534	0.0	21.0
117.84748368071807	116.85794981172278	1.0828984074064534	0.0	21.1
117.89436069221357	116.94628183192638	1.0828984074064534	0.0	21.200000000000003
117.94123770370908	117.03461385212998	1.0828984074064534	0.0	21.3
117.98811471520457	117.12294587233359	1.0828984074064534	0.0	21.400000000000002
118.03499172670008	117.2112778925372	1.0828984074064534	0.0	21.5
118.0818687381956	117.2996099127408	1.0828984074064534	0.0	21.6
118.12874574969109	117.38794193294441	1.0828984074064534	0.0	21.700000000000003
118.1756227611866	117.47627395314802	1.0828984074064534	0.0	21.8
118.2224997726821	117.56460597335163	1.0828984074064534	0.0	21.900000000000002
118.26937678417761	117.65293799355523	1.0828984074064534	0.0	22.0
118.3162537956731	117.74127001375884	1.0828984074064534	0.0	22.1
118.36313080716862	117.82960203396244	1.0828984074064534	0.0	22.200000000000003
118.41000781866413	117.91793405416605	1.0828984074064534	0.0	22.3
118.45688483015962	118.00626607436966	1.0828984074064534	0.0	22.400000000000002
118.50376184165513	118.09459809457326	1.0828984074064534	0.0	22.5
118.55063885315064	118.18293011477687	1.0828984074064534	0.0	22.6
118.59751586464614	118.27126213498047	1.0828984074064534	0.0	22.700000000000003
118.64439287614165	118.35959415518408	1.0828984074064534	0.0	22.8
118.69126988763715	118.44792617538769	1.0828984074064534	0.0	22.900000000000002
118.73814689913266	118.5362581955913	1.0828984074064534	0.0	23.0
118.78502391062815	118.6245902157949	1.0828984074064534	0.0	23.1
118.83190092212367	118.7129222359985	1.0828984074064534	0.0	23.200000000000003
118.87877793361918	118.80125425620211	1.0828984074064534	0.0	23.3
118.92565494511467	118.88958627640572	1.0828984074064534	0.0	23.400000000000002
118.97253195661018	118.97791829660932	1.0828984074064534	0.0	23.5
119.0194089681057	119.06625031681293	1.0828984074064534	0.0	23.6
119.06628597960119	119.15458233701654	1.0828984074064534	0.0	23.700000000000003
119.1131629910967	119.24291435722014	1.0828984074064534	0.0	23.8
119.1600400025922	119.33124637742375	1.0828984074064534	0.0	23.900000000000002
119.20691701408771	119.41957839762736	1.0828984074064534	0.0	24.0
119.2537940255832	119.50791041783097	1.0828984074064534	0.0	24.1
119.30067103707871	119.59624243803457	1.0828984074064534	0.0	24.200000000000003
