26.914945011551463	167.39812863264052	-2.040325918039064	0.0	0.0
26.86969832817576	167.30895050951887	-2.040325918039064	0.0	0.1
26.82445164480006	167.21977238639724	-2.040325918039064	0.0	0.2
26.77920496142436	167.13059426327558	-2.040325918039064	0.0	0.30000000000000004
26.733958278048657	167.04141614015396	-2.040325918039064	0.0	0.4
26.688711594672956	166.9522380170323	-2.040325918039064	0.0	0.5
26.643464911297254	166.86305989391064	-2.040325918039064	0.0	0.6000000000000001
26.598218227921553	166.77388177078902	-2.040325918039064	0.0	0.7000000000000001
26.55297154454585	166.68470364766736	-2.040325918039064	0.0	0.8
26.507724861170153	166.59552552454574	-2.040325918039064	0.0	0.9
26.462478177794452	166.50634740142408	-2.040325918039064	0.0	1.0
26.41723149441875	166.41716927830245	-2.040325918039064	0.0	1.1
26.37198481104305	166.3279911551808	-2.040325918039064	0.0	1.2000000000000002
26.326738127667348	166.23881303205914	-2.040325918039064	0.0	1.3
26.281491444291646	166.14963490893751	-2.040325918039064	0.0	1.4000000000000001
26.236244760915945	166.06045678581586	-2.040325918039064	0.0	1.5
26.190998077540243	165.97127866269423	-2.040325918039064	0.0	1.6
26.14575139416454	165.88210053957258	-2.040325918039064	0.0	1.7000000000000002
26.10050471078884	165.79292241645095	-2.040325918039064	0.0	1.8
26.05525802741314	165.7037442933293	-2.040325918039064	0.0	1.9000000000000001
26.010011344037437	165.61456617020764	-2.040325918039064	0.0	2.0
25.964764660661736	165.525388047086	-2.040325918039064	0.0	2.1
25.919517977286034	165.43620992396436	-2.040325918039064	0.0	2.2
25.874271293910333	165.34703180084273	-2.040325918039064	0.0	2.3000000000000003
25.82902461053463	165.25785367772107	-2.040325918039064	0.0	2.4000000000000004
25.78377792715893	165.16867555459942	-2.040325918039064	0.0	2.5
25.738531243783232	165.0794974314778	-2.040325918039064	0.0	2.6
25.69328456040753	164.99031930835613	-2.040325918039064	0.0	2.7
25.64803787703183	164.9011411852345	-2.040325918039064	0.0	2.8000000000000003
25.602791193656127	164.81196306211285	-2.040325918039064	0.0	2.9000000000000004
25.557544510280426	164.7227849389912	-2.040325918039064	0.0	3.0
25.512297826904724	164.63360681586957	-2.040325918039064	0.0	3.1
25.467051143529023	164.5444286927479	-2.040325918039064	0.0	3.2
25.42180446015332	164.4552505696263	-2.040325918039064	0.0	3.3000000000000003
25.37655777677762	164.36607244650463	-2.040325918039064	0.0	3.4000000000000004
25.33131109340192	164.276894323383	-2.040325918039064	0.0	3.5
25.286064410026217	164.18771620026135	-2.040325918039064	0.0	3.6
25.240817726650516	164.0985380771397	-2.040325918039064	0.0	3.7
25.195571043274814	164.00935995401807	-2.040325918039064	0.0	3.8000000000000003
25.150324359899113	163.9201818308964	-2.040325918039064	0.0	3.9000000000000004
25.10507767652341	163.83100370777478	-2.040325918039064	0.0	4.0
25.05983099314771	163.74182558465313	-2.040325918039064	0.0	4.1000000000000005
25.01458430977201	163.6526474615315	-2.040325918039064	0.0	4.2
24.96933762639631	163.56346933840985	-2.040325918039064	0.0	4.3
24.92409094302061	163.4742912152882	-2.040325918039064	0.0	4.4
24.878844259644907	163.38511309216656	-2.040325918039064	0.0	4.5
24.833597576269206	163.2959349690449	-2.040325918039064	0.0	4.6000000000000005
24.788350892893504	163.20675684592328	-2.040325918039064	0.0	4.7
24.743104209517803	163.11757872280162	-2.040325918039064	0.0	4.800000000000001
24.6978575261421	163.02840059967997	-2.040325918039064	0.0	4.9
24.6526108427664	162.93922247655834	-2.040325918039064	0.0	5.0
24.6073641593907	162.8500443534367	-2.040325918039064	0.0	5.1000000000000005
24.562117476014997	162.76086623031506	-2.040325918039064	0.0	5.2
24.516870792639295	162.6716881071934	-2.040325918039064	0.0	5.300000000000001
24.471624109263594	162.58250998407175	-2.040325918039064	0.0	5.4
24.426377425887893	162.49333186095012	-2.040325918039064	0.0	5.5
24.38113074251219	162.40415373782847	-2.040325918039064	0.0	5.6000000000000005
24.33588405913649	162.31497561470684	-2.040325918039064	0.0	5.7
24.290637375760788	162.22579749158518	-2.040325918039064	0.0	5.800000000000001
24.245390692385087	162.13661936846356	-2.040325918039064	0.0	5.9
24.200144009009385	162.0474412453419	-2.040325918039064	0.0	6.0
24.154897325633684	161.95826312222025	-2.040325918039064	0.0	6.1000000000000005
24.109650642257986	161.86908499909862	-2.040325918039064	0.0	6.2
24.064403958882284	161.77990687597696	-2.040325918039064	0.0	6.300000000000001
24.019157275506583	161.69072875285534	-2.040325918039064	0.0	6.4
23.97391059213088	161.60155062973368	-2.040325918039064	0.0	6.5
23.92866390875518	161.51237250661205	-2.040325918039064	0.0	6.6000000000000005
23.88341722537948	161.4231943834904	-2.040325918039064	0.0	6.7
23.838170542003777	161.33401626036874	-2.040325918039064	0.0	6.800000000000001
23.792923858628075	161.24483813724711	-2.040325918039064	0.0	6.9
23.747677175252374	161.15566001412546	-2.040325918039064	0.0	7.0
23.702430491876672	161.06648189100383	-2.040325918039064	0.0	7.1000000000000005
23.65718380850097	160.97730376788218	-2.040325918039064	0.0	7.2
23.61193712512527	160.88812564476052	-2.040325918039064	0.0	7.300000000000001
23.566690441749568	160.7989475216389	-2.040325918039064	0.0	7.4
23.52144375837387	160.70976939851724	-2.040325918039064	0.0	7.5
23.47619707499817	160.6205912753956	-2.040325918039064	0.0	7.6000000000000005
23.430950391622467	160.53141315227396	-2.040325918039064	0.0	7.7
23.385703708246766	160.4422350291523	-2.040325918039064	0.0	7.800000000000001
23.340457024871064	160.35305690603067	-2.040325918039064	0.0	7.9
23.295210341495363	160.26387878290902	-2.040325918039064	0.0	8.0
23.24996365811966	160.1747006597874	-2.040325918039064	0.0	8.1
23.20471697474396	160.08552253666574	-2.040325918039064	0.0	8.200000000000001
23.159470291368258	159.9963444135441	-2.040325918039064	0.0	8.3
23.114223607992557	159.90716629042245	-2.040325918039064	0.0	8.4
23.068976924616855	159.8179881673008	-2.040325918039064	0.0	8.5
23.023730241241154	159.72881004417917	-2.040325918039064	0.0	8.6
22.978483557865452	159.63963192105751	-2.040325918039064	0.0	8.700000000000001
22.93323687448975	159.5504537979359	-2.040325918039064	0.0	8.8
22.88799019111405	159.46127567481423	-2.040325918039064	0.0	8.9
22.842743507738348	159.3720975516926	-2.040325918039064	0.0	9.0
22.797496824362646	159.28291942857095	-2.040325918039064	0.0	9.1
22.752250140986945	159.1937413054493	-2.040325918039064	0.0	9.200000000000001
22.707003457611243	159.10456318232767	-2.040325918039064	0.0	9.3
22.661756774235542	159.015385059206	-2.040325918039064	0.0	9.4
22.616510090859844	158.92620693608438	-2.040325918039064	0.0	9.5
22.57126340748414	158.83702881296273	-2.040325918039064	0.0	9.600000000000001
22.526016724108437	158.74785068984107	-2.040325918039064	0.0	9.700000000000001
22.48077004073274	158.65867256671945	-2.040325918039064	0.0	9.8
22.435523357357038	158.5694944435978	-2.040325918039064	0.0	9.9
22.390276673981337	158.48031632047616	-2.040325918039064	0.0	10.0
22.345029990605635	158.3911381973545	-2.040325918039064	0.0	10.100000000000001
22.299783307229934	158.30196007423285	-2.040325918039064	0.0	10.200000000000001
22.254536623854232	158.21278195111122	-2.040325918039064	0.0	10.3
22.20928994047853	158.12360382798957	-2.040325918039064	0.0	10.4
22.16404325710283	158.03442570486794	-2.040325918039064	0.0	10.5
22.118796573727128	157.9452475817463	-2.040325918039064	0.0	10.600000000000001
22.073549890351426	157.85606945862466	-2.040325918039064	0.0	10.700000000000001
22.028303206975725	157.766891335503	-2.040325918039064	0.0	10.8
21.983056523600027	157.67771321238135	-2.040325918039064	0.0	10.9
21.937809840224325	157.58853508925972	-2.040325918039064	0.0	11.0
21.892563156848624	157.49935696613807	-2.040325918039064	0.0	11.100000000000001
21.847316473472922	157.41017884301644	-2.040325918039064	0.0	11.200000000000001
21.80206979009722	157.32100071989478	-2.040325918039064	0.0	11.3
21.75682310672152	157.23182259677316	-2.040325918039064	0.0	11.4
21.711576423345818	157.1426444736515	-2.040325918039064	0.0	11.5
21.666329739970116	157.05346635052985	-2.040325918039064	0.0	11.600000000000001
21.621083056594415	156.96428822740822	-2.040325918039064	0.0	11.700000000000001
21.575836373218714	156.87511010428656	-2.040325918039064	0.0	11.8
21.530589689843012	156.78593198116494	-2.040325918039064	0.0	11.9
21.48534300646731	156.69675385804328	-2.040325918039064	0.0	12.0
21.44009632309161	156.60757573492162	-2.040325918039064	0.0	12.100000000000001
21.394849639715908	156.5183976118	-2.040325918039064	0.0	12.200000000000001
21.349602956340206	156.42921948867834	-2.040325918039064	0.0	12.3
21.304356272964505	156.34004136555671	-2.040325918039064	0.0	12.4
21.259109589588803	156.25086324243506	-2.040325918039064	0.0	12.5
21.2138629062131	156.1616851193134	-2.040325918039064	0.0	12.600000000000001
21.1686162228374	156.07250699619178	-2.040325918039064	0.0	12.700000000000001
21.1233695394617	155.98332887307012	-2.040325918039064	0.0	12.8
21.078122856085997	155.8941507499485	-2.040325918039064	0.0	12.9
21.0328761727103	155.80497262682684	-2.040325918039064	0.0	13.0
20.987629489334594	155.7157945037052	-2.040325918039064	0.0	13.100000000000001
20.942382805958896	155.62661638058356	-2.040325918039064	0.0	13.200000000000001
20.897136122583195	155.5374382574619	-2.040325918039064	0.0	13.3
20.851889439207493	155.44826013434027	-2.040325918039064	0.0	13.4
20.806642755831792	155.35908201121862	-2.040325918039064	0.0	13.5
20.76139607245609	155.269903888097	-2.040325918039064	0.0	13.600000000000001
20.71614938908039	155.18072576497534	-2.040325918039064	0.0	13.700000000000001
20.670902705704687	155.0915476418537	-2.040325918039064	0.0	13.8
20.625656022328986	155.00236951873205	-2.040325918039064	0.0	13.9
20.580409338953285	154.9131913956104	-2.040325918039064	0.0	14.0
20.535162655577583	154.82401327248877	-2.040325918039064	0.0	14.100000000000001
20.48991597220188	154.73483514936711	-2.040325918039064	0.0	14.200000000000001
20.444669288826184	154.6456570262455	-2.040325918039064	0.0	14.3
20.399422605450482	154.55647890312383	-2.040325918039064	0.0	14.4
20.35417592207478	154.46730078000218	-2.040325918039064	0.0	14.5
20.30892923869908	154.37812265688055	-2.040325918039064	0.0	14.600000000000001
20.263682555323378	154.2889445337589	-2.040325918039064	0.0	14.700000000000001
20.218435871947676	154.19976641063727	-2.040325918039064	0.0	14.8
20.173189188571975	154.1105882875156	-2.040325918039064	0.0	14.9
20.127942505196273	154.02141016439396	-2.040325918039064	0.0	15.0
20.082695821820572	153.93223204127233	-2.040325918039064	0.0	15.100000000000001
20.03744913844487	153.84305391815067	-2.040325918039064	0.0	15.200000000000001
19.99220245506917	153.75387579502905	-2.040325918039064	0.0	15.3
19.946955771693467	153.6646976719074	-2.040325918039064	0.0	15.4
19.901709088317766	153.57551954878576	-2.040325918039064	0.0	15.5
19.856462404942064	153.4863414256641	-2.040325918039064	0.0	15.600000000000001
19.811215721566363	153.39716330254245	-2.040325918039064	0.0	15.700000000000001
19.76596903819066	153.30798517942083	-2.040325918039064	0.0	15.8
19.72072235481496	153.21880705629917	-2.040325918039064	0.0	15.9
19.67547567143926	153.12962893317754	-2.040325918039064	0.0	16.0
19.630228988063557	153.0404508100559	-2.040325918039064	0.0	16.1
19.58498230468786	152.95127268693426	-2.040325918039064	0.0	16.2
19.539735621312154	152.8620945638126	-2.040325918039064	0.0	16.3
19.494488937936453	152.77291644069095	-2.040325918039064	0.0	16.400000000000002
19.449242254560755	152.68373831756932	-2.040325918039064	0.0	16.5
19.403995571185053	152.59456019444767	-2.040325918039064	0.0	16.6
19.35874888780935	152.50538207132604	-2.040325918039064	0.0	16.7
19.31350220443365	152.41620394820438	-2.040325918039064	0.0	16.8
19.26825552105795	152.32702582508273	-2.040325918039064	0.0	16.900000000000002
19.223008837682247	152.2378477019611	-2.040325918039064	0.0	17.0
19.177762154306546	152.14866957883945	-2.040325918039064	0.0	17.1
19.132515470930844	152.05949145571782	-2.040325918039064	0.0	17.2
19.087268787555143	151.97031333259616	-2.040325918039064	0.0	17.3
19.04202210417944	151.8811352094745	-2.040325918039064	0.0	17.400000000000002
18.996775420803743	151.79195708635288	-2.040325918039064	0.0	17.5
18.95152873742804	151.70277896323122	-2.040325918039064	0.0	17.6
18.90628205405234	151.6136008401096	-2.040325918039064	0.0	17.7
18.86103537067664	151.52442271698794	-2.040325918039064	0.0	17.8
18.815788687300937	151.43524459386632	-2.040325918039064	0.0	17.900000000000002
18.770542003925236	151.34606647074466	-2.040325918039064	0.0	18.0
18.725295320549534	151.256888347623	-2.040325918039064	0.0	18.1
18.680048637173833	151.16771022450138	-2.040325918039064	0.0	18.2
18.63480195379813	151.07853210137972	-2.040325918039064	0.0	18.3
18.58955527042243	150.9893539782581	-2.040325918039064	0.0	18.400000000000002
18.54430858704673	150.90017585513644	-2.040325918039064	0.0	18.5
18.499061903671027	150.8109977320148	-2.040325918039064	0.0	18.6
18.453815220295326	150.72181960889316	-2.040325918039064	0.0	18.7
18.408568536919624	150.6326414857715	-2.040325918039064	0.0	18.8
18.363321853543923	150.54346336264987	-2.040325918039064	0.0	18.900000000000002
18.31807517016822	150.45428523952822	-2.040325918039064	0.0	19.0
18.27282848679252	150.3651071164066	-2.040325918039064	0.0	19.1
18.227581803416818	150.27592899328494	-2.040325918039064	0.0	19.200000000000003
18.182335120041117	150.18675087016328	-2.040325918039064	0.0	19.3
18.137088436665415	150.09757274704165	-2.040325918039064	0.0	19.400000000000002
18.091841753289714	150.00839462392	-2.040325918039064	0.0	19.5
18.046595069914012	149.91921650079837	-2.040325918039064	0.0	19.6
18.00134838653831	149.83003837767671	-2.040325918039064	0.0	19.700000000000003
17.95610170316261	149.74086025455506	-2.040325918039064	0.0	19.8
17.910855019786908	149.65168213143343	-2.040325918039064	0.0	19.900000000000002
17.86560833641121	149.56250400831178	-2.040325918039064	0.0	20.0
17.82036165303551	149.47332588519015	-2.040325918039064	0.0	20.1
17.775114969659803	149.3841477620685	-2.040325918039064	0.0	20.200000000000003
17.729868286284105	149.29496963894687	-2.040325918039064	0.0	20.3
17.684621602908404	149.2057915158252	-2.040325918039064	0.0	20.400000000000002
17.639374919532703	149.11661339270358	-2.040325918039064	0.0	20.5
17.594128236157	149.02743526958193	-2.040325918039064	0.0	20.6
17.5488815527813	148.93825714646027	-2.040325918039064	0.0	20.700000000000003
17.5036348694056	148.84907902333865	-2.040325918039064	0.0	20.8
17.458388186029897	148.759900900217	-2.040325918039064	0.0	20.900000000000002
17.4131415026542	148.67072277709536	-2.040325918039064	0.0	21.0
17.367894819278497	148.5815446539737	-2.040325918039064	0.0	21.1
17.322648135902792	148.49236653085205	-2.040325918039064	0.0	21.200000000000003
17.277401452527094	148.40318840773043	-2.040325918039064	0.0	21.3
17.232154769151393	148.31401028460877	-2.040325918039064	0.0	21.400000000000002
17.18690808577569	148.22483216148714	-2.040325918039064	0.0	21.5
