38.75	187.7	-2.098587624184733	0.0	0.0
38.699637357456254	187.61360784621266	-2.098587624184733	0.0	0.1
38.649274714912515	187.52721569242536	-2.098587624184733	0.0	0.2
38.59891207236877	187.44082353863803	-2.098587624184733	0.0	0.30000000000000004
38.54854942982503	187.35443138485073	-2.098587624184733	0.0	0.4
38.498186787281284	187.2680392310634	-2.098587624184733	0.0	0.5
38.44782414473754	187.1816470772761	-2.098587624184733	0.0	0.6000000000000001
38.3974615021938	187.09525492348877	-2.098587624184733	0.0	0.7000000000000001
38.34709885965005	187.00886276970147	-2.098587624184733	0.0	0.8
38.296736217106314	186.92247061591414	-2.098587624184733	0.0	0.9
38.24637357456257	186.83607846212684	-2.098587624184733	0.0	1.0
38.19601093201882	186.7496863083395	-2.098587624184733	0.0	1.1
38.14564828947508	186.6632941545522	-2.098587624184733	0.0	1.2000000000000002
38.09528564693134	186.57690200076487	-2.098587624184733	0.0	1.3
38.0449230043876	186.49050984697757	-2.098587624184733	0.0	1.4000000000000001
37.99456036184385	186.40411769319024	-2.098587624184733	0.0	1.5
37.94419771930011	186.31772553940294	-2.098587624184733	0.0	1.6
37.89383507675637	186.2313333856156	-2.098587624184733	0.0	1.7000000000000002
37.84347243421262	186.1449412318283	-2.098587624184733	0.0	1.8
37.79310979166888	186.05854907804098	-2.098587624184733	0.0	1.9000000000000001
37.74274714912514	185.97215692425368	-2.098587624184733	0.0	2.0
37.69238450658139	185.88576477046635	-2.098587624184733	0.0	2.1
37.64202186403765	185.79937261667905	-2.098587624184733	0.0	2.2
37.591659221493906	185.71298046289172	-2.098587624184733	0.0	2.3000000000000003
37.54129657895016	185.62658830910442	-2.098587624184733	0.0	2.4000000000000004
37.49093393640642	185.5401961553171	-2.098587624184733	0.0	2.5
37.440571293862675	185.4538040015298	-2.098587624184733	0.0	2.6
37.390208651318936	185.36741184774246	-2.098587624184733	0.0	2.7
37.33984600877519	185.28101969395516	-2.098587624184733	0.0	2.8000000000000003
37.289483366231444	185.19462754016783	-2.098587624184733	0.0	2.9000000000000004
37.239120723687705	185.10823538638053	-2.098587624184733	0.0	3.0
37.18875808114396	185.0218432325932	-2.098587624184733	0.0	3.1
37.13839543860022	184.9354510788059	-2.098587624184733	0.0	3.2
37.088032796056474	184.84905892501857	-2.098587624184733	0.0	3.3000000000000003
37.03767015351273	184.76266677123127	-2.098587624184733	0.0	3.4000000000000004
36.98730751096899	184.67627461744394	-2.098587624184733	0.0	3.5
36.93694486842524	184.58988246365664	-2.098587624184733	0.0	3.6
36.886582225881504	184.5034903098693	-2.098587624184733	0.0	3.7
36.83621958333776	184.417098156082	-2.098587624184733	0.0	3.8000000000000003
36.78585694079401	184.33070600229468	-2.098587624184733	0.0	3.9000000000000004
36.73549429825027	184.24431384850737	-2.098587624184733	0.0	4.0
36.68513165570653	184.15792169472005	-2.098587624184733	0.0	4.1000000000000005
36.63476901316279	184.07152954093274	-2.098587624184733	0.0	4.2
36.58440637061904	183.98513738714541	-2.098587624184733	0.0	4.3
36.5340437280753	183.8987452333581	-2.098587624184733	0.0	4.4
36.48368108553156	183.81235307957078	-2.098587624184733	0.0	4.5
36.43331844298781	183.72596092578348	-2.098587624184733	0.0	4.6000000000000005
36.38295580044407	183.63956877199615	-2.098587624184733	0.0	4.7
36.33259315790033	183.55317661820885	-2.098587624184733	0.0	4.800000000000001
36.28223051535658	183.46678446442152	-2.098587624184733	0.0	4.9
36.23186787281284	183.38039231063422	-2.098587624184733	0.0	5.0
36.181505230269096	183.2940001568469	-2.098587624184733	0.0	5.1000000000000005
36.13114258772536	183.2076080030596	-2.098587624184733	0.0	5.2
36.08077994518161	183.12121584927226	-2.098587624184733	0.0	5.300000000000001
36.030417302637865	183.03482369548496	-2.098587624184733	0.0	5.4
35.980054660094126	182.94843154169763	-2.098587624184733	0.0	5.5
35.92969201755038	182.86203938791033	-2.098587624184733	0.0	5.6000000000000005
35.879329375006634	182.775647234123	-2.098587624184733	0.0	5.7
35.828966732462895	182.6892550803357	-2.098587624184733	0.0	5.800000000000001
35.77860408991915	182.60286292654837	-2.098587624184733	0.0	5.9
35.72824144737541	182.51647077276107	-2.098587624184733	0.0	6.0
35.677878804831664	182.43007861897374	-2.098587624184733	0.0	6.1000000000000005
35.62751616228792	182.34368646518644	-2.098587624184733	0.0	6.2
35.57715351974418	182.2572943113991	-2.098587624184733	0.0	6.300000000000001
35.52679087720043	182.1709021576118	-2.098587624184733	0.0	6.4
35.476428234656694	182.08451000382448	-2.098587624184733	0.0	6.5
35.42606559211295	181.99811785003718	-2.098587624184733	0.0	6.6000000000000005
35.3757029495692	181.91172569624985	-2.098587624184733	0.0	6.7
35.32534030702546	181.82533354246254	-2.098587624184733	0.0	6.800000000000001
35.27497766448172	181.73894138867522	-2.098587624184733	0.0	6.9
35.22461502193798	181.6525492348879	-2.098587624184733	0.0	7.0
35.17425237939423	181.56615708110058	-2.098587624184733	0.0	7.1000000000000005
35.12388973685049	181.47976492731328	-2.098587624184733	0.0	7.2
35.07352709430675	181.39337277352595	-2.098587624184733	0.0	7.300000000000001
35.023164451763	181.30698061973865	-2.098587624184733	0.0	7.4
34.97280180921926	181.22058846595132	-2.098587624184733	0.0	7.5
34.92243916667552	181.13419631216402	-2.098587624184733	0.0	7.6000000000000005
34.87207652413177	181.0478041583767	-2.098587624184733	0.0	7.7
34.82171388158803	180.9614120045894	-2.098587624184733	0.0	7.800000000000001
34.771351239044286	180.87501985080206	-2.098587624184733	0.0	7.9
34.72098859650055	180.78862769701476	-2.098587624184733	0.0	8.0
34.6706259539568	180.70223554322743	-2.098587624184733	0.0	8.1
34.620263311413055	180.61584338944013	-2.098587624184733	0.0	8.200000000000001
34.569900668869316	180.5294512356528	-2.098587624184733	0.0	8.3
34.51953802632557	180.4430590818655	-2.098587624184733	0.0	8.4
34.46917538378183	180.35666692807817	-2.098587624184733	0.0	8.5
34.418812741238085	180.27027477429087	-2.098587624184733	0.0	8.6
34.36845009869434	180.18388262050354	-2.098587624184733	0.0	8.700000000000001
34.3180874561506	180.09749046671624	-2.098587624184733	0.0	8.8
34.267724813606854	180.0110983129289	-2.098587624184733	0.0	8.9
34.217362171063115	179.9247061591416	-2.098587624184733	0.0	9.0
34.16699952851937	179.83831400535428	-2.098587624184733	0.0	9.1
34.11663688597562	179.75192185156698	-2.098587624184733	0.0	9.200000000000001
34.066274243431884	179.66552969777965	-2.098587624184733	0.0	9.3
34.01591160088814	179.57913754399235	-2.098587624184733	0.0	9.4
33.9655489583444	179.49274539020502	-2.098587624184733	0.0	9.5
33.91518631580065	179.40635323641771	-2.098587624184733	0.0	9.600000000000001
33.86482367325691	179.31996108263039	-2.098587624184733	0.0	9.700000000000001
33.81446103071317	179.23356892884308	-2.098587624184733	0.0	9.8
33.76409838816942	179.14717677505575	-2.098587624184733	0.0	9.9
33.713735745625684	179.06078462126845	-2.098587624184733	0.0	10.0
33.66337310308194	178.97439246748112	-2.098587624184733	0.0	10.100000000000001
33.61301046053819	178.88800031369382	-2.098587624184733	0.0	10.200000000000001
33.56264781799445	178.8016081599065	-2.098587624184733	0.0	10.3
33.51228517545071	178.7152160061192	-2.098587624184733	0.0	10.4
33.46192253290697	178.62882385233186	-2.098587624184733	0.0	10.5
33.41155989036322	178.54243169854456	-2.098587624184733	0.0	10.600000000000001
33.361197247819476	178.45603954475723	-2.098587624184733	0.0	10.700000000000001
33.31083460527574	178.36964739096993	-2.098587624184733	0.0	10.8
33.26047196273199	178.2832552371826	-2.098587624184733	0.0	10.9
33.21010932018825	178.1968630833953	-2.098587624184733	0.0	11.0
33.159746677644506	178.11047092960797	-2.098587624184733	0.0	11.100000000000001
33.10938403510076	178.02407877582067	-2.098587624184733	0.0	11.200000000000001
33.05902139255702	177.93768662203334	-2.098587624184733	0.0	11.3
33.008658750013275	177.85129446824604	-2.098587624184733	0.0	11.4
32.958296107469536	177.7649023144587	-2.098587624184733	0.0	11.5
32.90793346492579	177.6785101606714	-2.098587624184733	0.0	11.600000000000001
32.857570822382044	177.59211800688408	-2.098587624184733	0.0	11.700000000000001
32.807208179838305	177.50572585309678	-2.098587624184733	0.0	11.8
32.75684553729456	177.41933369930945	-2.098587624184733	0.0	11.9
32.70648289475082	177.33294154552215	-2.098587624184733	0.0	12.0
32.656120252207074	177.24654939173482	-2.098587624184733	0.0	12.100000000000001
32.60575760966333	177.16015723794752	-2.098587624184733	0.0	12.200000000000001
32.55539496711959	177.0737650841602	-2.098587624184733	0.0	12.3
32.50503232457584	176.98737293037289	-2.098587624184733	0.0	12.4
32.4546696820321	176.90098077658556	-2.098587624184733	0.0	12.5
32.40430703948836	176.81458862279825	-2.098587624184733	0.0	12.600000000000001
32.35394439694461	176.72819646901092	-2.098587624184733	0.0	12.700000000000001
32.30358175440087	176.64180431522362	-2.098587624184733	0.0	12.8
32.25321911185713	176.5554121614363	-2.098587624184733	0.0	12.9
32.20285646931338	176.469020007649	-2.098587624184733	0.0	13.0
32.15249382676964	176.38262785386166	-2.098587624184733	0.0	13.100000000000001
32.1021311842259	176.29623570007436	-2.098587624184733	0.0	13.200000000000001
32.05176854168215	176.20984354628703	-2.098587624184733	0.0	13.3
32.00140589913841	176.12345139249973	-2.098587624184733	0.0	13.4
31.95104325659467	176.0370592387124	-2.098587624184733	0.0	13.5
31.900680614050923	175.9506670849251	-2.098587624184733	0.0	13.600000000000001
31.85031797150718	175.86427493113777	-2.098587624184733	0.0	13.700000000000001
31.79995532896344	175.77788277735047	-2.098587624184733	0.0	13.8
31.749592686419696	175.69149062356314	-2.098587624184733	0.0	13.9
31.699230043875954	175.60509846977584	-2.098587624184733	0.0	14.0
31.648867401332208	175.5187063159885	-2.098587624184733	0.0	14.100000000000001
31.598504758788465	175.4323141622012	-2.098587624184733	0.0	14.200000000000001
31.548142116244723	175.34592200841388	-2.098587624184733	0.0	14.3
31.49777947370098	175.25952985462658	-2.098587624184733	0.0	14.4
31.447416831157238	175.17313770083925	-2.098587624184733	0.0	14.5
31.39705418861349	175.08674554705195	-2.098587624184733	0.0	14.600000000000001
31.34669154606975	175.00035339326462	-2.098587624184733	0.0	14.700000000000001
31.296328903526007	174.91396123947732	-2.098587624184733	0.0	14.8
31.245966260982264	174.82756908569	-2.098587624184733	0.0	14.9
31.19560361843852	174.7411769319027	-2.098587624184733	0.0	15.0
31.145240975894776	174.65478477811536	-2.098587624184733	0.0	15.100000000000001
31.094878333351033	174.56839262432806	-2.098587624184733	0.0	15.200000000000001
31.04451569080729	174.48200047054073	-2.098587624184733	0.0	15.3
30.99415304826355	174.39560831675342	-2.098587624184733	0.0	15.4
30.943790405719803	174.3092161629661	-2.098587624184733	0.0	15.5
30.89342776317606	174.2228240091788	-2.098587624184733	0.0	15.600000000000001
30.843065120632318	174.13643185539146	-2.098587624184733	0.0	15.700000000000001
30.792702478088575	174.05003970160416	-2.098587624184733	0.0	15.8
30.742339835544833	173.96364754781683	-2.098587624184733	0.0	15.9
30.691977193001087	173.87725539402953	-2.098587624184733	0.0	16.0
30.641614550457344	173.7908632402422	-2.098587624184733	0.0	16.1
30.591251907913602	173.7044710864549	-2.098587624184733	0.0	16.2
30.54088926536986	173.61807893266757	-2.098587624184733	0.0	16.3
30.490526622826117	173.53168677888027	-2.098587624184733	0.0	16.400000000000002
30.44016398028237	173.44529462509294	-2.098587624184733	0.0	16.5
30.38980133773863	173.35890247130564	-2.098587624184733	0.0	16.6
30.339438695194886	173.2725103175183	-2.098587624184733	0.0	16.7
30.28907605265114	173.186118163731	-2.098587624184733	0.0	16.8
30.2387134101074	173.09972600994368	-2.098587624184733	0.0	16.900000000000002
30.188350767563655	173.01333385615638	-2.098587624184733	0.0	17.0
30.137988125019913	172.92694170236905	-2.098587624184733	0.0	17.1
30.08762548247617	172.84054954858175	-2.098587624184733	0.0	17.2
30.037262839932424	172.75415739479442	-2.098587624184733	0.0	17.3
29.986900197388685	172.66776524100712	-2.098587624184733	0.0	17.400000000000002
29.93653755484494	172.5813730872198	-2.098587624184733	0.0	17.5
29.886174912301197	172.4949809334325	-2.098587624184733	0.0	17.6
29.835812269757454	172.40858877964516	-2.098587624184733	0.0	17.7
29.78544962721371	172.32219662585786	-2.098587624184733	0.0	17.8
29.735086984669966	172.23580447207053	-2.098587624184733	0.0	17.900000000000002
29.684724342126223	172.14941231828323	-2.098587624184733	0.0	18.0
29.63436169958248	172.0630201644959	-2.098587624184733	0.0	18.1
29.58399905703874	171.9766280107086	-2.098587624184733	0.0	18.2
29.533636414494993	171.89023585692127	-2.098587624184733	0.0	18.3
29.48327377195125	171.80384370313396	-2.098587624184733	0.0	18.400000000000002
29.432911129407508	171.71745154934663	-2.098587624184733	0.0	18.5
29.382548486863765	171.63105939555933	-2.098587624184733	0.0	18.6
29.332185844320023	171.544667241772	-2.098587624184733	0.0	18.7
29.281823201776277	171.4582750879847	-2.098587624184733	0.0	18.8
29.231460559232534	171.37188293419737	-2.098587624184733	0.0	18.900000000000002
29.181097916688792	171.28549078041007	-2.098587624184733	0.0	19.0
29.13073527414505	171.19909862662274	-2.098587624184733	0.0	19.1
29.080372631601307	171.11270647283544	-2.098587624184733	0.0	19.200000000000003
29.03000998905756	171.0263143190481	-2.098587624184733	0.0	19.3
28.97964734651382	170.9399221652608	-2.098587624184733	0.0	19.400000000000002
28.929284703970076	170.85353001147348	-2.098587624184733	0.0	19.5
28.878922061426334	170.76713785768618	-2.098587624184733	0.0	19.6
28.82855941888259	170.68074570389885	-2.098587624184733	0.0	19.700000000000003
28.778196776338845	170.59435355011155	-2.098587624184733	0.0	19.8
28.727834133795103	170.50796139632422	-2.098587624184733	0.0	19.900000000000002
28.67747149125136	170.42156924253692	-2.098587624184733	0.0	20.0
28.627108848707614	170.3351770887496	-2.098587624184733	0.0	20.1
28.576746206163875	170.2487849349623	-2.098587624184733	0.0	20.200000000000003
28.52638356362013	170.16239278117496	-2.098587624184733	0.0	20.3
28.476020921076387	170.07600062738766	-2.098587624184733	0.0	20.400000000000002
28.425658278532644	169.98960847360033	-2.098587624184733	0.0	20.5
28.3752956359889	169.90321631981303	-2.098587624184733	0.0	20.6
28.32493299344516	169.8168241660257	-2.098587624184733	0.0	20.700000000000003
28.274570350901413	169.7304320122384	-2.098587624184733	0.0	20.8
28.22420770835767	169.64403985845107	-2.098587624184733	0.0	20.900000000000002
28.17384506581393	169.55764770466376	-2.098587624184733	0.0	21.0
28.123482423270183	169.47125555087644	-2.098587624184733	0.0	21.1
28.07311978072644	169.38486339708913	-2.098587624184733	0.0	21.200000000000003
28.022757138182698	169.2984712433018	-2.098587624184733	0.0	21.3
27.972394495638955	169.2120790895145	-2.098587624184733	0.0	21.400000000000002
27.922031853095213	169.12568693572717	-2.098587624184733	0.0	21.5
27.871669210551467	169.03929478193987	-2.098587624184733	0.0	21.6
27.821306568007724	168.95290262815254	-2.098587624184733	0.0	21.700000000000003
27.770943925463982	168.86651047436524	-2.098587624184733	0.0	21.8
27.72058128292024	168.7801183205779	-2.098587624184733	0.0	21.900000000000002
27.670218640376497	168.6937261667906	-2.098587624184733	0.0	22.0
27.61985599783275	168.60733401300328	-2.098587624184733	0.0	22.1
27.56949335528901	168.52094185921598	-2.098587624184733	0.0	22.200000000000003
27.519130712745266	168.43454970542865	-2.098587624184733	0.0	22.3
27.468768070201524	168.34815755164135	-2.098587624184733	0.0	22.400000000000002
27.41840542765778	168.26176539785402	-2.098587624184733	0.0	22.5
27.368042785114035	168.17537324406672	-2.098587624184733	0.0	22.6
27.317680142570293	168.0889810902794	-2.098587624184733	0.0	22.700000000000003
27.26731750002655	168.0025889364921	-2.098587624184733	0.0	22.8
27.216954857482808	167.91619678270476	-2.098587624184733	0.0	22.900000000000002
27.166592214939065	167.82980462891746	-2.098587624184733	0.0	23.0
27.11622957239532	167.74341247513013	-2.098587624184733	0.0	23.1
27.065866929851577	167.65702032134283	-2.098587624184733	0.0	23.200000000000003
27.015504287307834	167.5706281675555	-2.098587624184733	0.0	23.3
26.96514164476409	167.4842360137682	-2.098587624184733	0.0	23.400000000000002
