78.82	179.6	-0.38818618191128584	0.0	0.0
78.91253984756352	179.56219195524505	-0.38721819326574997	0.01936506317270981	0.1
79.0051609754741	179.5245597654635	-0.38431474910155244	0.038714199018059885	0.2
79.09794466407874	179.48727928562857	-0.3794775227290422	0.05802825003657932	0.30000000000000004
79.19097219372452	179.4505263707137	-0.3727096620841259	0.07728163272853096	0.4
79.28432472645584	179.41447665266145	-0.3640543820759429	0.09258637338088356	0.5
79.37805745828354	179.37925681079972	-0.3548041865625391	0.09217746816927307	0.6000000000000001
79.4721672103587	179.34488347291463	-0.3455885639955612	0.09178661028039029	0.7000000000000001
79.56664283649638	179.3113582463262	-0.3364059796414994	0.09141386050800031	0.8
79.66147319051163	179.27868273835432	-0.327254894063696	0.09105927296515974	0.9
79.7566471262195	179.24685855631895	-0.3181337635708108	0.09072289576131898	1.0
79.85215349743504	179.21588730754002	-0.3090410406250353	0.0904047716418555	1.1
79.94798115797332	179.18577059933747	-0.29997517421225395	0.09010493859066653	1.2000000000000002
80.04411896164939	179.15651003903125	-0.29093461017632416	0.08982343039647823	1.3
80.14055576227828	179.1281072339413	-0.28191779151961466	0.08956027718354015	1.4000000000000001
80.23728041367511	179.10056379138757	-0.27292315867191563	0.08931550590738317	1.5
80.33428176965487	179.07388131868998	-0.2639491497297992	0.08908914081631285	1.6
80.43154868403263	179.04806142316852	-0.2549942006684811	0.08888120387929854	1.7000000000000002
80.52907001062346	179.0231057121431	-0.24605674552820275	0.0886917151808993	1.8
80.6268346032424	178.99901579293362	-0.23713521657712475	0.08852069328384131	1.9000000000000001
80.72483131570452	178.9757932728601	-0.2282280444526943	0.0883681555598286	2.0
80.82304900182487	178.9534397592424	-0.2193336582834224	0.08823411848913103	2.1
80.92147651541849	178.93195685940054	-0.2104504857929828	0.0881185979294516	2.2
81.02010271030048	178.91134618065442	-0.20157695338852108	0.0880216093545261	2.3000000000000003
81.11891644028583	178.89160933032397	-0.19271148623504292	0.0879431680628598	2.4000000000000004
81.21790655918964	178.87274791572918	-0.18385250831773198	0.08788328935694929	2.5
81.31706192082694	178.85476354418998	-0.1749984424940333	0.0878419886932825	2.6
81.4163713790128	178.83765782302626	-0.1661477105373244	0.0878192818033479	2.7
81.5158237875623	178.821432359558	-0.15729873317398904	0.08781518478582513	2.8000000000000003
81.61540800029046	178.80608876110512	-0.14844993011569912	0.08782971417006301	2.9000000000000004
81.71511287101232	178.7916286349876	-0.13959972008870977	0.08786288695088787	3.0
81.81492725354298	178.77805358852535	-0.1307465208619696	0.08791472059471811	3.1
81.91484000169746	178.76536522903837	-0.12188874927585398	0.08798523301689463	3.2
82.01483996929085	178.7535651638465	-0.11302482127333235	0.08807444253007031	3.3000000000000003
82.11491601013815	178.74265500026976	-0.10415315193539243	0.08818236776343161	3.4000000000000004
82.21505697805445	178.73263634562807	-0.09527215552255604	0.08830902755246346	3.5
82.31525172685484	178.72351080724135	-0.08638024552433599	0.08845444079889633	3.6
82.4154891103543	178.7152799924296	-0.07747583471850523	0.08861862630041316	3.7
82.51575798236794	178.7079455085127	-0.06855733524206818	0.08880160254962771	3.8000000000000003
82.61604719671078	178.70150896281064	-0.059623158675852404	0.08900338750178405	3.9000000000000004
82.71634560719792	178.69597196264328	-0.05067171614466445	0.08922399831056568	4.0
82.81664206764438	178.69133611533064	-0.04170141843498574	0.08946345103134655	4.1000000000000005
82.91692543186522	178.68760302819268	-0.03271067613221805	0.08972176029115947	4.2
83.01718455367549	178.6847743085493	-0.023697899779521164	0.08999893892460943	4.3
83.11740828689027	178.68285156372042	-0.014661500060327251	0.09029499757490947	4.4
83.21758548532459	178.68183640102603	-0.005599888006653218	0.09060994425917694	4.5
83.31770541593404	178.68172972547742	0.003452704551492469	0.08972428789873206	4.6000000000000005
83.41776380840845	178.68252145591134	0.012343032339511256	0.08796738090304786	4.7
83.51776151517545	178.68419280288586	0.021051815644073033	0.0861828878743776	4.800000000000001
83.61769952925975	178.68672473795425	0.02957730656687283	0.0843733648172581	4.9
83.717578843686	178.69009823266978	0.037917926392873634	0.08254127288952566	5.0
83.81740045147889	178.6942942585858	0.0460722585311269	0.08068897319789584	5.1000000000000005
83.91716534566311	178.69929378725558	0.05403904124283662	0.07881872253764129	5.2
84.01687451926331	178.7050777902325	0.06181716020681787	0.0769326700294218	5.300000000000001
84.1165289653042	178.7116272390698	0.0694056409695624	0.07503285460169544	5.4
84.21612967681043	178.71892310532084	0.07680364132403902	0.07312120326369846	5.5
84.31567764680668	178.72694636053893	0.08401044365816446	0.07119953011163804	5.6000000000000005
84.41517386831765	178.73567797627734	0.09102544731064324	0.06926953600939889	5.7
84.51461933436802	178.74509892408943	0.09784816096862699	0.06733280888461982	5.800000000000001
84.61401503798245	178.75519017552847	0.10447819513842375	0.06539082458134524	5.9
84.71336197218562	178.76593270214778	0.11091525471733552	0.06344494821149063	6.0
84.81266113000221	178.7773074755007	0.11715913169163641	0.06149643594898444	6.1000000000000005
84.91191350445692	178.78929546714053	0.12320969798275645	0.05954643721255604	6.2
85.01112008857439	178.80187764862058	0.12906689846092265	0.05759599718564189	6.300000000000001
85.11028187537934	178.81503499149414	0.13473074414284167	0.05564605962469335	6.4
85.20939985789643	178.82874846731457	0.1402013055875081	0.05369746991020877	6.5
85.30847502915032	178.8429990476351	0.14547870650188383	0.05175097829801034	6.6000000000000005
85.40750838216573	178.8577677040091	0.15056311756603413	0.04980724333157945	6.7
85.50650090996729	178.87303540798987	0.15545475048532137	0.047866835379596566	6.800000000000001
85.60545360557971	178.88878313113077	0.1601538522754436	0.04593024026615695	6.9
85.70436746202766	178.90499184498498	0.1646606997844741	0.04399786296441015	7.0
85.80324347233581	178.92164252110598	0.1689755944545858	0.042070031327567134	7.1000000000000005
85.90208262952885	178.93871613104693	0.17309885732484717	0.04014699983430724	7.2
86.00088592663147	178.95619364636124	0.17703082427532954	0.03822895332857389	7.300000000000001
86.09965435666834	178.9740560386022	0.18077184151177503	0.03631601073656374	7.4
86.19838891266413	178.9922842793231	0.1843222612892253	0.03440822874636833	7.5
86.29709058764351	179.01085934007725	0.18768243787229832	0.0325056054382231	7.6000000000000005
86.39576037463118	179.02976219241802	0.19085272372921316	0.030608083855643023	7.7
86.4943992666518	179.04897380789862	0.19383346595619785	0.028715555509883212	7.800000000000001
86.59300825673007	179.06847515807243	0.1966250029285555	0.026827863812154466	7.9
86.69158833789066	179.08824721449275	0.1992276611744097	0.024944807429852476	8.0
86.79014050315824	179.10827094871289	0.20164175246698826	0.023066143564731703	8.1
86.88866574555749	179.12852733228618	0.20386757113122747	0.02119159115247468	8.200000000000001
86.98716505811309	179.14899733676592	0.20590539156048251	0.019320833984485298	8.3
87.08563943384972	179.16966193370536	0.20775546593920155	0.017453523753974198	8.4
87.18408986579206	179.19050209465792	0.20941802216755742	0.015589283029519035	8.5
87.2825173469648	179.2114987911768	0.21089326198422798	0.01372770816027384	8.6
87.38092287039258	179.23263299481542	0.21218135928375964	0.01186837211788492	8.700000000000001
87.47930702058189	179.25388807354392	0.21337169564312633	0.01219669944779701	8.8
87.57766746847749	179.2752644866331	0.21464154689144316	0.013034811875498068	8.9
87.67600061938	179.2967701177737	0.2159958126142638	0.013873769890440027	9.0
87.7743028734331	179.31841288090803	0.2174345614392939	0.014713682733103002	9.1
87.8725706307804	179.34020068997853	0.21895786918243723	0.01555465539452337	9.200000000000001
87.97080029156552	179.3621414589275	0.2205658185516309	0.016396788365642918	9.3
88.06898825593213	179.38424310169728	0.22225849883325471	0.01724017738103796	9.4
88.16713092402384	179.40651353223015	0.224036005560802	0.018084913156775486	9.5
88.26522469598427	179.42896066446852	0.22589844016548594	0.01893108112217096	9.600000000000001
88.36326597195708	179.45159241235464	0.2278459096084444	0.019778761145251213	9.700000000000001
88.46125115208591	179.47441668983092	0.2298785259941967	0.020628027251757972	9.8
88.55917663651437	179.49744141083968	0.23199640616499717	0.021478947337560787	9.9
88.6570388253861	179.52067448932328	0.23419967127572588	0.022331582874385095	10.0
88.75483411884474	179.544123839224	0.23648844634895128	0.023185988608799828	10.100000000000001
88.85255891703392	179.5677973744842	0.23886285980979968	0.024042212254450898	10.200000000000001
88.9502096200973	179.5917030090462	0.2413230430002666	0.024900294177572183	10.3
89.04778262817845	179.61584865685236	0.24386912967260696	0.025760267075852408	10.4
89.14527434142107	179.64024223184504	0.24650125546145005	0.026622155650788834	10.5
89.24268115996878	179.66489164796653	0.24921955733429105	0.027485976273711993	10.600000000000001
89.33999948396517	179.68980481915918	0.2520241730200243	0.02835173664572409	10.700000000000001
89.43722571355393	179.71498965936527	0.2549152404151987	0.029219435451855354	10.8
89.53435624887867	179.74045408252726	0.25789289696769274	0.03008906200980726	10.9
89.63138749008303	179.7662060025874	0.2609572790375306	0.030960595913720843	11.0
89.72831583731063	179.79225333348805	0.26410852123458417	0.03183400667348052	11.100000000000001
89.82513769070512	179.81860398917155	0.2673467557329378	0.032709253350140806	11.200000000000001
89.92184945041014	179.84526588358023	0.27067211156172527	0.033586284188143134	11.3
90.01844751656928	179.8722469306564	0.2740847138722859	0.034465036245073785	11.4
90.11492828932622	179.8995550443424	0.27758468318153134	0.03534543501980235	11.5
90.2112881688246	179.92719813858062	0.28117213459146057	0.036227394079930746	11.600000000000001
90.30752355520801	179.95518412731334	0.28484717698481177	0.03711081468957774	11.700000000000001
90.40363084862011	179.98352092448292	0.2886099121969014	0.037995585438622394	11.8
90.49960644920453	180.0122164440317	0.2924604341637566	0.03888158187462987	11.9
90.59544675710494	180.041278599902	0.2963988280467213	0.039768666138787906	12.0
90.69114817246492	180.0707153060362	0.3004251693337858	0.04065668660728754	12.100000000000001
90.78670709542811	180.10053447637657	0.3045395229179692	0.04154547753968977	12.200000000000001
90.88211992613819	180.1307440248655	0.3087419421531705	0.04243485873592992	12.3
90.97738306473875	180.16135186544525	0.3130324678879911	0.043324635203720756	12.4
91.07249291137342	180.19236591205828	0.31741112747813155	0.04421459683822678	12.5
91.16744586618586	180.2237940786468	0.3218779337780642	0.04510451811599205	12.600000000000001
91.26223832931971	180.25564427915322	0.32643288411279126	0.04599415780521192	12.700000000000001
91.35686670091859	180.28792442751984	0.3310759592306163	0.04688325869454687	12.8
91.45132738112612	180.32064243768903	0.33580712223796605	0.047771547342779164	12.9
91.54561677008594	180.35380622360313	0.3406263175174364	0.048658733851712106	13.0
91.63973126794173	180.38742369920442	0.34553346963035525	0.049544511664807	13.100000000000001
91.73366727483705	180.42150277843527	0.3505284822052973	0.05042855739413816	13.200000000000001
91.8274211909156	180.45605137523805	0.3556112368141215	0.051310530678327845	13.3
91.92098941632096	180.491077403555	0.3607815918372474	0.052190074074191586	13.4
92.0143683511968	180.52658877732856	0.36603938132003305	0.053066812984884824	13.5
92.10755439568673	180.56259341050102	0.3713844138222695	0.053940355627388685	13.600000000000001
92.20054394993443	180.59909921701473	0.37681647126296136	0.054810293042206436	13.700000000000001
92.29333341408348	180.636114110812	0.38233530776271746	0.05567619914816013	13.8
92.38591918827753	180.67364600583517	0.38794064848623283	0.05653763084517766	13.9
92.47829767266022	180.71170281602662	0.39363218848750586	0.05739412816794398	14.0
92.57046526737521	180.75029245532866	0.39940959156058514	0.058245214493250576	14.100000000000001
92.66241837256608	180.7894228376836	0.40527248909880514	0.0590903968038191	14.200000000000001
92.7541533883765	180.8291018770338	0.41122047896561764	0.05992916601129043	14.3
92.8456667149501	180.8693374873216	0.4172531243802826	0.06076099734096241	14.4
92.9369547524305	180.91013758248928	0.4233699528218235	0.06158535078072458	14.5
93.02801390096135	180.95151007647928	0.42957045495479834	0.062401671596475534	14.600000000000001
93.11884056068628	180.99346288323386	0.4358540835805672	0.06320939091611698	14.700000000000001
93.20943113174893	181.03600391669536	0.442220252617864	0.06400792638399695	14.8
93.29978201429292	181.07914109080616	0.44866833611659535	0.0647966828874236	14.9
93.38988927179226	181.12288142362206	0.4551740610627913	0.06501267667993853	15.0
93.47974672698952	181.16722597055508	0.46169407807331914	0.06512380800303617	15.100000000000001
93.569347287596	181.21217335209565	0.4682282220206022	0.06524448029775709	15.200000000000001
93.65868385860854	181.2577221815109	0.4747772805206308	0.06537463723190806	15.3
93.74774934502395	181.30387107206786	0.48134203781363216	0.06551422323115438	15.4
93.83653665183905	181.35061863703362	0.4879232747777171	0.0656631833259103	15.5
93.92503868405068	181.3979634896754	0.4945217689331979	0.0658214629942433	15.600000000000001
94.0132483466556	181.44590424326012	0.5011382944372957	0.06598900800066831	15.700000000000001
94.10115854465072	181.49443951105496	0.5077736220689547	0.06616576423071088	15.8
94.1887621830328	181.543567906327	0.5144285192034664	0.06635167752111618	15.9
94.27605216679868	181.59328804234337	0.5211037497766111	0.06654669348558304	16.0
94.36302140094517	181.6435985323711	0.5278000742380119	0.06675075733590599	16.1
94.44966279046909	181.69449798967736	0.5345182494933931	0.06696381369840895	16.2
94.5359692403673	181.74598502752912	0.541259028835433	0.06718580642556045	16.3
94.62193365563657	181.79805825919357	0.5480231618628882	0.06741667840266559	16.400000000000002
94.70754894127376	181.8507162979378	0.5548113943876745	0.06765637134953464	16.5
94.79280800227565	181.90395775702885	0.5616244683295728	0.06790482561703917	16.6
94.87770374363909	181.9577812497338	0.5684631215982331	0.06816197997847113	16.7
94.9622290703609	182.01218538931985	0.575328087962144	0.06842777141563579	16.8
95.0463768874379	182.067168789054	0.5822200969042312	0.06870213489961591	16.900000000000002
95.1301400998669	182.1227300622034	0.5891398734637505	0.06898500316616198	17.0
95.21351161264474	182.17886782203504	0.5960881380641366	0.06927630648567555	17.1
95.29648433076821	182.23558068181612	0.6030656063264654	0.06957597242776993	17.2
95.37905115923415	182.2928672548137	0.6100729888682025	0.06988392562041032	17.3
95.46120500303941	182.35072615429482	0.6171109910868885	0.07020008750365626	17.400000000000002
95.54293876718076	182.40915599352667	0.6241803129284409	0.07052437607804897	17.5
95.62424535665504	182.46815538577627	0.6312816486397353	0.07085670564771242	17.6
95.70511767645907	182.52772294431068	0.6384156865051447	0.07119698655826069	17.7
95.78554863158969	182.58785728239712	0.6455831085667205	0.0715451249296329	17.8
95.8655311270437	182.6485570133026	0.652784590327705	0.0719010223840069	17.900000000000002
95.94505806781793	182.70982075029417	0.6600208004390763	0.07226457576897545	18.0
96.02412235890918	182.771647106639	0.6672924003688397	0.07263567687620237	18.1
96.10271690531431	182.83403469560412	0.6746000440537877	0.07301421215581376	18.2
96.18083461203008	182.89698213045668	0.681944377533474	0.07340006242681937	18.3
96.25846838405339	182.96048802446376	0.6893260385661556	0.07379310258389893	18.400000000000002
96.33561112638101	183.0245509908924	0.6967456562264847	0.07419320130093505	18.5
96.41225574400978	183.08916964300974	0.7042038504847493	0.07460022073171953	18.6
96.4883951419365	183.1543425940829	0.7117012317674853	0.07501401620830932	18.7
96.564022225158	183.2200684573789	0.7192384004993156	0.075434435937561	18.8
96.63912989867111	183.28634584616483	0.726815946625893	0.07586132069642618	18.900000000000002
96.71371106747266	183.35317337370788	0.7344344491178642	0.07629450352664634	19.0
96.78775863655945	183.42054965327506	0.7420944754558055	0.07673380942954637	19.1
96.8612655109283	183.48847329813347	0.749796581096113	0.07717905506168458	19.200000000000003
96.93423093511406	183.55693786162712	0.7572909688257334	0.07242252977193894	19.3
97.00668256499344	183.6259142204938	0.7642867302754789	0.06744037147529873	19.400000000000002
97.0786560122964	183.69536690148098	0.7707822297346503	0.06244193100979108	19.5
97.15018688913939	183.76526043102766	0.7767765268931016	0.05743145639254946	19.6
97.22131080763874	183.83555933557284	0.7822689414815053	0.052412500822176765	19.700000000000003
97.29206337991089	183.90622814155546	0.7872590084468583	0.04738797272749235	19.8
97.36248021807219	183.97723137541456	0.7917464366331769	0.04236018845958491	19.900000000000002
97.4325969342391	184.04853356358913	0.7957310710882037	0.03733092689035133	20.0
97.50244914052796	184.12009923251819	0.7992128590811792	0.03230148531427037	20.1
97.57207244905514	184.19189290864065	0.8021918198878896	0.027272736174575124	20.200000000000003
97.6415024719371	184.26387911839558	0.8046680183767336	0.022245184248313038	20.3
97.71077482129023	184.33602238822195	0.8066415424128093	0.01721902402577101	20.400000000000002
97.77992510923085	184.40828724455875	0.8081124840853143	0.01219419710757903	20.5
97.84898894787543	184.48063821384497	0.809080924756176	0.0071704495170558	20.6
97.91800194934031	184.55303982251962	0.8095469239240293	0.0021473888858668825	20.700000000000003
