17.3	142.4	0.9499641456610448	1.0685548492892623e-17	0.0
17.35763115659597	142.48058504689556	0.9499773140594023	0.0002658302217621914	0.1
17.415261275111337	142.56117312775064	0.9500168177679809	0.0005316154323546423	0.2
17.47288931746548	142.64176727652475	0.950082652327443	0.0007973106292492244	0.30000000000000004
17.530514245577795	142.72237052717745	0.9501748103060458	0.0010628708272062137	0.4
17.588135021367673	142.80298591366827	0.9502932813003683	0.0013282510669315698	0.5
17.645750606754504	142.88361646995673	0.9504380519363345	0.0015934064237498366	0.6000000000000001
17.70335996365768	142.96426523000235	0.9506091058705286	0.0018582920162978067	0.7000000000000001
17.76096205399659	143.04493522776465	0.9508064237918082	0.0021228630152440083	0.8
17.81855583969062	143.1256294972032	0.951029983423215	0.0023870746520390194	0.9
17.876140282659176	143.20635107227747	0.9512797595241876	0.0026508822277014695	1.0
17.933714344821627	143.287102986947	0.9515557238930787	0.002914241121644522	1.1
17.99127698809738	143.36788827517134	0.9518578453699801	0.003177106800547474	1.2000000000000002
18.04882717440582	143.44870997091002	0.9521860898398596	0.0034394348272769578	1.3
18.106363865666335	143.52957110812255	0.9525404202360147	0.00370118086986211	1.4000000000000001
18.16388602379832	143.61047472076848	0.9529207965438464	0.003962300710527819	1.5
18.221392610721164	143.6914238428073	0.9533271758049595	0.004222750254790075	1.6
18.278882588354257	143.77242150819856	0.9537595121215942	0.004482485540617126	1.7000000000000002
18.33635491861699	143.8534707509018	0.9542177566613945	0.004741462747660048	1.8
18.393808563428752	143.93457460487653	0.9547018576625198	0.004999638206555957	1.9000000000000001
18.45124248470894	144.01573610408227	0.9552117604391067	0.005256968408307008	2.0
18.508655644376933	144.09695828247857	0.9557474073870859	0.00551341001373791	2.1
18.566047004352132	144.17824417402494	0.9563087379903636	0.005768919863034513	2.2
18.623415526553927	144.2595968126809	0.9568956888273729	0.006023454985365731	2.3000000000000003
18.680760172901703	144.341019232406	0.9575081935780025	0.006276972608590683	2.4000000000000004
18.73807990531485	144.42251446715977	0.9581461830309135	0.006529430169052745	2.5
18.795373685712768	144.5040855509017	0.9588095850912477	0.006780785321461788	2.6
18.852640476014837	144.58573551759136	0.9594983247887398	0.007030995948865611	2.7
18.909879238140455	144.66746740118825	0.9602123242862401	0.007280020172711186	2.8000000000000003
18.96708893400901	144.7492842356519	0.9609515028886562	0.00752781636299605	2.9000000000000004
19.024268525539892	144.83118905494186	0.9617157770523223	0.007774343148509726	3.0
19.08141697465249	144.91318489301764	0.9625050603948075	0.008019559427164813	3.1
19.138533243266195	144.99527478383877	0.9633192637051688	0.008263424376416882	3.2
19.1956162933004	145.07746176136473	0.9641582949546605	0.008505897463772035	3.3000000000000003
19.252665086674497	145.15974885955512	0.9650220593079073	0.008746938457380588	3.4000000000000004
19.30967858530787	145.24213911236944	0.9659104591345528	0.008986507436714837	3.5
19.366655751119918	145.32463555376725	0.9668233940213913	0.009224564803328688	3.6
19.423595546030025	145.40724121770802	0.967760760784992	0.009461071291696271	3.7
19.480496931957585	145.4899591381513	0.9687224534848263	0.00969598798012652	3.8000000000000003
19.537358870821986	145.57279234905664	0.9697083634369071	0.00992927630175008	3.9000000000000004
19.594180324542624	145.65574388438353	0.9707183792279489	0.010160898055574637	4.0
19.650960255038882	145.73881677809152	0.9717523867300586	0.010390815417604317	4.1000000000000005
19.707697624230153	145.82201406414012	0.9728102691159667	0.010618990952018357	4.2
19.764391394035833	145.9053387764889	0.9738919068748075	0.01084538762240396	4.3
19.821040526375306	145.98879394909733	0.9749971778284569	0.01106996880303772	4.4
19.877643983167967	146.07238261592497	0.9761259571484368	0.011292698290209657	4.5
19.934200726333206	146.15610781093136	0.9772781173733961	0.01151354031358358	4.6000000000000005
19.99070971779041	146.23997256807598	0.9784535284271755	0.01173245954758697	4.7
20.04716991945897	146.3239799213184	0.9796520576374637	0.011949421122823314	4.800000000000001
20.103580293258283	146.40813290461816	0.9808735697550547	0.012164390637499384	4.9
20.15993980110773	146.49243455193474	0.9821179269737139	0.012377334168859607	5.0
20.21624740492671	146.57688789722766	0.9833849889506575	0.012588218284619288	5.1000000000000005
20.27250206663461	146.6614959744565	0.9846746128276572	0.01279701005438817	5.2
20.328702748150818	146.74626181758077	0.9859866532527721	0.013003677061075369	5.300000000000001
20.38484841139473	146.83118846055999	0.9873209624027182	0.013208187412266478	5.4
20.440941130643633	146.91627497184123	0.988437320237962	0.005376319797191548	5.5
20.49703226477641	147.0014576254542	0.9882984655641602	-0.008092049922538995	5.6000000000000005
20.553212550151756	147.0866225238574	0.986786368073138	-0.02155228540601995	5.7
20.60957382272712	147.17165436849015	0.9838994750161969	-0.03505797248560993	5.800000000000001
20.666207918459975	147.25643786079186	0.9796326390340816	-0.048661163467971884	5.9
20.723206673307786	147.34085770220204	0.9739772548737292	-0.0624116377323754	6.0
20.780661923228006	147.42479859415997	0.9669214564166024	-0.0763560557905599	6.1000000000000005
20.838665504178113	147.50814523810513	0.9584503811724651	-0.09053696335009558	6.2
20.897309252115562	147.59078233547692	0.9485465117282489	-0.10499160368789048	6.300000000000001
20.95668500299783	147.67259458771468	0.937190105786212	-0.11975049999463017	6.4
21.016884592782368	147.7534666962579	0.9243597282572023	-0.13483577541720973	6.5
21.077999857426654	147.83328336254598	0.9100329002114271	-0.15025918872052726	6.6000000000000005
21.14012263288814	147.91192928801823	0.8941868800760265	-0.16601987949446628	6.7
21.203344755124295	147.98928917411416	0.8767995919701771	-0.1821018404962672	6.800000000000001
21.267758060092586	148.06524772227314	0.8578507140664623	-0.1984711678480591	6.9
21.333454383750478	148.13968963393455	0.8373229358736554	-0.21507318379105167	7.0
21.40052556205543	148.21249961053783	0.8152033868258516	-0.2318295819228933	7.1000000000000005
21.469063430964912	148.28356235352237	0.7914852290366694	-0.2486358099126157	7.2
21.539159826436393	148.35276256432758	0.7661693941617056	-0.26535897543964765	7.300000000000001
21.610906584427322	148.4199849443929	0.7392664279022135	-0.2818366296380034	7.4
21.684395540895178	148.48511419515762	0.7107983861191668	-0.29787683630071143	7.5
21.759717917644522	148.5480357439167	0.6809075195527834	-0.30526018202377064	7.6000000000000005
21.836904589859387	148.6087063404655	0.6516553381106971	-0.2905279365557448	7.7
21.915876078814247	148.6672131597454	0.623845840861091	-0.2752975788195169	7.800000000000001
21.996541133029254	148.72365729068775	0.5975048679136482	-0.25975801242844965	7.9
22.078808501024582	148.77813982222398	0.5726468240476326	-0.2440727929616387	8.0
22.16258693132039	148.8307618432854	0.5492763398229001	-0.2283792699416971	8.1
22.24778517243686	148.88162444280348	0.5273899262614448	-0.2127890194364743	8.200000000000001
22.334311972894135	148.93082870970954	0.506977565416447	-0.1973892171236222	8.3
22.42207608121239	148.97847573293495	0.48802419635247346	-0.18224463134992291	8.4
22.510986245911795	149.02466660141113	0.47051107119072394	-0.16739996445294478	8.5
22.600951215512506	149.06950240406945	0.4544169683605904	-0.15288232683411768	8.6
22.691879738534695	149.11308422984126	0.439719259911447	-0.1387036837845922	8.700000000000001
22.78368056349853	149.15551316765797	0.4263948368367581	-0.12486316483962272	8.8
22.876262438924172	149.1968903064509	0.4144209011743455	-0.11134916700686093	8.9
22.969534113331786	149.23731673515152	0.40377563657197824	-0.09814121594696755	9.0
23.063404335241536	149.27689354269117	0.3944387704518223	-0.08521157361110657	9.1
23.157781853173596	149.31572181800118	0.3863920412412334	-0.0725265981133145	9.200000000000001
23.252575415648117	149.35390265001297	0.3796195836755391	-0.06004787313258206	9.3
23.34769377118528	149.39153712765795	0.37410824417282096	-0.04773313129466703	9.4
23.443045668305245	149.42872633986744	0.36984783692219814	-0.03553700003608678	9.5
23.538540115990877	149.46557079764344	0.36676013014213876	-0.028754538199957547	9.600000000000001
23.634114592998714	149.5021078416426	0.363386770853408	-0.037194834524530485	9.700000000000001
23.72976030353744	149.5382556034469	0.3591488648326074	-0.045716157426284335	9.8
23.82547441130217	149.5739189913927	0.3540397937129495	-0.05434334720098168	9.9
23.92125407998803	149.60900291381614	0.3480512929790803	-0.06310031434036403	10.0
24.01709647329013	149.64341227905356	0.34117353288032215	-0.07200983562680764	10.100000000000001
24.112998754903586	149.67705199544113	0.333395216527755	-0.08109330010578411	10.200000000000001
24.20895808852352	149.70982697131518	0.3247036982277238	-0.09037039621274331	10.3
24.30497163784504	149.74164211501193	0.31508512556112384	-0.0998587313382094	10.4
24.401036566563263	149.77240233486754	0.30452460915090784	-0.10957337543518765	10.5
24.497150038373313	149.80201253921842	0.29300642444796776	-0.11952632107348794	10.600000000000001
24.593309216970297	149.8303776364007	0.28051425017739035	-0.1297258538300423	10.700000000000001
24.689511266049337	149.8574025347507	0.26703144828234915	-0.14017582931289946	10.8
24.785753349305548	149.88299214260454	0.25254139022936783	-0.15087485672024087	10.9
24.88203263043405	149.90705136829868	0.23702783433182373	-0.16181539392221803	11.0
24.978346273129947	149.92948512016918	0.22047535823174125	-0.1729827659012747	11.100000000000001
25.074691441088373	149.9501983065524	0.20286984976603595	-0.18435412722394903	11.200000000000001
25.171065298004432	149.96909583578457	0.18419905803869965	-0.1958974001608586	11.3
25.26746500757324	149.98608261620186	0.16445320453152978	-0.2075702330460673	11.4
25.36388773348992	150.00106355614062	0.14362565143027328	-0.21931903810389727	11.5
25.460330645981696	150.0139439233529	0.12175746424996713	-0.22747413926699409	11.600000000000001
25.55679170051212	150.02467219160172	0.09981614311029985	-0.22458686074353396	11.700000000000001
25.65327037482905	150.0332805952043	0.07821737190912	-0.22131137114752364	11.8
25.74976632119626	150.0398109708589	0.05698541176762117	-0.21767723832036856	11.9
25.846279191877557	150.04430515526346	0.03614246352359309	-0.21371556068970454	12.0
25.94280863913673	150.0468049851163	0.015708626345597262	-0.2094584038690386	12.100000000000001
26.039354315237567	150.0473522971154	-0.0042981150929177646	-0.2049382657936112	12.200000000000001
26.135915872443874	150.04598892795897	-0.023861877041563614	-0.20018758235131692	12.3
26.23249296301944	150.04275671434516	-0.04296883928684308	-0.19523828257525383	12.4
26.329085239228064	150.03769749297206	-0.061607186825651424	-0.19012139956255442	12.5
26.42569235333353	150.03085310053785	-0.07976703363646251	-0.1848667405317086	12.600000000000001
26.522313957599643	150.02226537374062	-0.09744033163612867	-0.17950261694973674	12.700000000000001
26.618949704290188	150.01197614927847	-0.11462076786089158	-0.17405563353423992	12.8
26.71559924566896	150.00002726384966	-0.13130365277882675	-0.16855053320900093	12.9
26.812262233999764	149.98646055415222	-0.1474858024455768	-0.16301009377782424	13.0
26.90893832154639	149.97131785688433	-0.16316541697349016	-0.15745507116529237	13.100000000000001
27.005627160572626	149.95464100874406	-0.17834195751262286	-0.15190418352075413	13.200000000000001
27.10232840334227	149.93647184642958	-0.19301602365506174	-0.1463741302457505	13.3
27.199041702119114	149.9168522066391	-0.20718923288405852	-0.14087964003091769	13.4
27.295766709166955	149.89582392607062	-0.22086410340657875	-0.1354335422200615	13.5
27.39250307674959	149.87342884142237	-0.2340439414397581	-0.13004685620258305	13.600000000000001
27.489250457130805	149.84970878939245	-0.24673273377396343	-0.12472889402164848	13.700000000000001
27.5860085025744	149.824705606679	-0.25893504621128954	-0.1194873719318618	13.8
27.68277686534417	149.79846112998018	-0.2706559282803057	-0.11432852721149481	13.9
27.77955519770391	149.77101719599403	-0.28190082445633124	-0.10925723710270616	14.0
27.87634315191741	149.7424156414188	-0.2926754919709694	-0.104277137297797	14.100000000000001
27.973140380248466	149.7126983029526	-0.3029859251738308	-0.09939073789579637	14.200000000000001
28.069946534960874	149.68190701729347	-0.3128382863115323	-0.0945995352122636	14.3
28.166761268318428	149.65008362113966	-0.32223884251202267	-0.08990411823123871	14.4
28.263584232584915	149.6172699511892	-0.3311939087037433	-0.08530426884026987	14.5
28.36041508002414	149.58350784414029	-0.33970979615673386	-0.0807990552884843	14.600000000000001
28.457253462899892	149.5488391366911	-0.347792766304215	-0.07638691855663772	14.700000000000001
28.554099033475968	149.5133056655397	-0.355448989486256	-0.0720657515310427	14.8
28.65095144401616	149.4769492673842	-0.3626845082498337	-0.06783297103500062	14.9
28.74781034678426	149.4398117789228	-0.3695052048401169	-0.063685582896873	15.0
28.844675394044064	149.4019350368536	-0.37591677252452455	-0.059620240328261354	15.100000000000001
28.94154623805937	149.36336087787475	-0.3819246904026483	-0.05563329595375252	15.200000000000001
29.03842253109397	149.32413113868435	-0.3875342013702653	-0.051720847879795306	15.3
29.135303925411655	149.2842876559806	-0.3927502929234099	-0.047878780218587	15.4
29.232190073276218	149.24387226646158	-0.39757768050799125	-0.04410279849694882	15.5
29.329080626951466	149.20292680682542	-0.40202079314103845	-0.04038846038321565	15.600000000000001
29.42597523870118	149.16149311377026	-0.4060837610508118	-0.036731202159844704	15.700000000000001
29.52287356078916	149.11961302399428	-0.4097704051042988	-0.03312636135804093	15.8
29.6197752454792	149.07732837419553	-0.41308422781170634	-0.029569195955107694	15.9
29.716679945035093	149.03468100107224	-0.4160284057182383	-0.026054900517020346	16.0
29.813587311720635	148.99171274132243	-0.4186057830135493	-0.022578619649165382	16.1
29.91049699779961	148.94846543164437	-0.42081886620869813	-0.019135459098308133	16.2
30.00740865553583	148.9049809087361	-0.422669819749145	-0.01572049482945809	16.3
30.10432193719308	148.86130100929574	-0.4241604624503335	-0.012328780383033191	16.400000000000002
30.20123649503515	148.8174675700215	-0.4252922646597138	-0.008955352801060586	16.5
30.29815198132584	148.77352242761145	-0.4260663460657318	-0.0055952373964801546	16.6
30.395068048328948	148.7295074187638	-0.426483474090435	-0.002243451627205771	16.7
