114.90676557716853	119.3065955463514	-2.2537617097064766	3.1253322868438727e-17	0.0
114.84227552584665	119.22733671398046	-2.25391728306472	-0.0030452674046736036	0.1
114.77776612268231	119.14810447194104	-2.254384079933363	-0.006092788782527783	0.2
114.71321801583309	119.0689254105647	-2.2551623303365447	-0.009144808523601642	0.30000000000000004
114.64861185345654	118.98982612018293	-2.256252416452947	-0.012203551747788484	0.4
114.58392828371024	118.91083319112728	-2.257654870813322	-0.015271214410360667	0.5
114.51914795475169	118.8319732137293	-2.259370373756773	-0.018349953096954856	0.6000000000000001
114.45425151473849	118.75327277832046	-2.261399750125643	-0.02144187440582754	0.7000000000000001
114.38921961182818	118.67475847523237	-2.2637439651732256	-0.024549023816494788	0.8
114.32403289417833	118.59645689479648	-2.266404119653044	-0.027673373945714837	0.9
114.2586720099465	118.51839462734438	-2.269381444053091	-0.030816812094301888	1.0
114.1931176072902	118.44059826320758	-2.272677291933304	-0.033981126991651574	1.1
114.12735033436705	118.3630943927176	-2.2762931323196844	-0.037167994649319906	1.2000000000000002
114.0613508393346	118.28590960620598	-2.280230541103929	-0.0403789632407687	1.3
113.99509977035035	118.20907049400424	-2.284491191393337	-0.043615436931743884	1.4000000000000001
113.9285777755719	118.13260364644393	-2.289076842752109	-0.04687865859498945	1.5
113.86176550315679	118.05653565385654	-2.2939893292721885	-0.050169691354454864	1.6
113.79464360126259	117.98089310657365	-2.2992305464094747	-0.05348939891817967	1.7000000000000002
113.72719271804685	117.90570259492677	-2.304802436519895	-0.05683842467601942	1.8
113.65939350166713	117.8309907092474	-2.3107069730294274	-0.06021716955869828	1.9000000000000001
113.59122660028099	117.75678403986711	-2.316946143173045	-0.06362576867873139	2.0
113.52267266204596	117.6831091771174	-2.3235219292397997	-0.06706406680193978	2.1
113.45371233511966	117.60999271132984	-2.3304362882651466	-0.07053159273093258	2.2
113.38432626765957	117.53746123283592	-2.337691130117335	-0.07402753271936961	2.3000000000000003
113.31449510782329	117.46554133196719	-2.345288293932473	-0.07755070307826835	2.4000000000000004
113.24419950376836	117.39425959905518	-2.353229522862995	-0.08109952218321345	2.5
113.17342010365235	117.32364262443139	-2.3615164371169426	-0.08467198214405015	2.6
113.10213755563281	117.2537169984274	-2.3701505052809417	-0.08826562045629827	2.7
113.03033250786729	117.1845093113747	-2.3791330139382705	-0.09187749201569415	2.8000000000000003
112.95798560851335	117.11604615360483	-2.388465035615142	-0.09550414194325928	2.9000000000000004
112.88507750572857	117.04835411544933	-2.398147395113444	-0.09914157973709424	3.0
112.81158884767048	116.98145978723971	-2.4081806343167735	-0.10278525533732731	3.1
112.73750028249663	116.91538975930753	-2.4185649755887377	-0.10643003776051871	3.2
112.66279245836459	116.8501706219843	-2.4293002839180753	-0.11007019702710158	3.3000000000000003
112.58744602343192	116.78582896560154	-2.4403860280040526	-0.11369939016744171	3.4000000000000004
112.51144162585616	116.7223913804908	-2.4518212405174937	-0.11731065214565917	3.5
112.4347599137949	116.65988445698359	-2.4636044778172494	-0.12089639258189004	3.6
112.35738153540566	116.59833478541147	-2.475733779448356	-0.12444839917920619	3.7
112.27928713884603	116.53776895610594	-2.488206627795682	-0.12795784876670613	3.8000000000000003
112.20045737227355	116.47821355939853	-2.5010199083146136	-0.13141532685094964	3.9000000000000004
112.12087288384575	116.4196951856208	-2.514169870807045	-0.13481085651959326	4.0
112.04051432172022	116.36224042510423	-2.5276520922552543	-0.13813393745973337	4.1000000000000005
111.95936233405452	116.30587586818041	-2.5414614417665726	-0.1413735957355889	4.2
111.87739756900618	116.25062810518084	-2.555592048216417	-0.14451844481314852	4.3
111.79460067651979	116.19652372496701	-2.570036242034423	-0.1472363401044544	4.4
111.71096019310787	116.14358282888563	-2.5845141888645653	-0.14528251081844823	4.5
111.62649064186888	116.09180414163812	-2.5988115429992056	-0.1433282549584446	4.6000000000000005
111.54121189060454	116.04118199135685	-2.6129290119152953	-0.14137764960267268	4.7
111.45514380711651	115.99171070617416	-2.6268675601804263	-0.139434515313317	4.800000000000001
111.36830625920645	115.9433846142224	-2.6406283933356813	-0.13750241902632288	4.9
111.28071911467599	115.89619804363387	-2.6542129420598504	-0.13558467857615866	5.0
111.19240224132686	115.85014532254097	-2.6676228466927085	-0.13368436863270583	5.1000000000000005
111.1033755069607	115.80522077907601	-2.680859942183988	-0.1318043278378214	5.2
111.01365877937914	115.76141874137132	-2.6939262435242015	-0.12994716694142772	5.300000000000001
110.92327192638392	115.71873353755926	-2.7068239317036276	-0.1281152777506999	5.4
110.83223481577664	115.67715949577216	-2.7195553402366843	-0.12631084272055643	5.5
110.740567315359	115.63669094414239	-2.7321229422805247	-0.12453584502880222	5.6000000000000005
110.64828929293266	115.59732221080223	-2.7445293383690625	-0.12279207899456111	5.7
110.55542061629929	115.55904762388408	-2.756777244776785	-0.12108116071377291	5.800000000000001
110.46198115326055	115.52186151152026	-2.7688694825205475	-0.11940453880027768	5.9
110.36799077161811	115.4857582018431	-2.7808089670021374	-0.1177635051351657	6.0
110.27346933917362	115.45073202298495	-2.792598698289653	-0.1161592055405015	6.1000000000000005
110.17843672372875	115.41677730307816	-2.8042417520316305	-0.11459265030612147	6.2
110.08291279308521	115.38388837025508	-2.8157412709943808	-0.11306472450989068	6.300000000000001
109.98691741504462	115.35205955264799	-2.8271004572100495	-0.11157619808254864	6.4
109.89047045740867	115.32128517838929	-2.8383225647205035	-0.110127735578059	6.5
109.793591787979	115.29155957561132	-2.8494108929002038	-0.10871990561921611	6.6000000000000005
109.69630127455729	115.2628770724464	-2.860368780339704	-0.1073531899961742	6.7
109.59861878494522	115.23523199702687	-2.871199599270285	-0.10602799240258748	6.800000000000001
109.50056418694444	115.20861867748508	-2.8819067505094256	-0.10474464680023898	6.9
109.40215734835662	115.18303144195337	-2.892493658906356	-0.10350342540842716	7.0
109.30341813698344	115.15846461856408	-2.902963769266671	-0.10230454631905136	7.1000000000000005
109.20436642062654	115.13491253544956	-2.9133205427350215	-0.10114818074233693	7.2
109.10502206708762	115.11236952074213	-2.9235674536151004	-0.1000344598915275	7.300000000000001
109.00540494416832	115.09082990257414	-2.933707986606502	-0.09896348151772154	7.4
108.90553491967032	115.07028800907794	-2.943745634438581	-0.09793531610837874	7.5
108.80543186139525	115.05073816838586	-2.9536838958820573	-0.09695001276494748	7.6000000000000005
108.70511563714483	115.03217470863027	-2.963526274119863	-0.09600760477660379	7.7
108.6046061147207	115.01459195794345	-2.9732762754595563	-0.09510811490830613	7.800000000000001
108.50392316192452	114.9979842444578	-2.9829374083705003	-0.09425156042229738	7.9
108.40308664655798	114.98234589630563	-2.9925131828299523	-0.09343795785287651	8.0
108.30211643642274	114.96767124161929	-3.002007109963179	-0.09266732755474592	8.1
108.20103239932045	114.95395460853112	-3.011422701963706	-0.09193969804556637	8.200000000000001
108.09985440305276	114.94119032517347	-3.0207634722808407	-0.09125511016353484	8.3
107.9986023154214	114.92937271967867	-3.0300329360626255	-0.09061362106088756	8.4
107.89729600422797	114.91849612017903	-3.0392346108434083	-0.09001530805423368	8.5
107.79595533727418	114.90855485480697	-3.0483720174662543	-0.08946027235257298	8.6
107.69460018199888	114.89954325174301	-3.0574487247385496	-0.0889646651200452	8.700000000000001
107.59324760385748	114.89145601196634	-3.0664844532065847	-0.08877188366239407	8.8
107.49190511132656	114.88428910799368	-3.075493332022929	-0.08857458401631514	8.9
107.39057817708533	114.87803878320075	-3.084475218879182	-0.08837307144158012	9.0
107.28927227381304	114.87270128096317	-3.0934299933307567	-0.0881676488833371	9.1
107.18799287418895	114.86827284465664	-3.102357556527107	-0.08795861668424655	9.200000000000001
107.0867454508923	114.86474971765688	-3.1112578309287	-0.08774627231357424	9.3
106.9855354766023	114.8621281433395	-3.1201307600117287	-0.08753091011319401	9.4
106.88436842399818	114.86040436508023	-3.128976307961555	-0.08731282106039728	9.5
106.78324976575925	114.85957462625473	-3.1377944593558396	-0.08709229254734775	9.600000000000001
106.68218497456468	114.85963517023866	3.136600088341275	-0.08686960817697578	9.700000000000001
106.58117952309372	114.86058224040772	3.127836696395476	-0.08664504757505623	9.8
106.48023888402562	114.86241208013759	3.1191006282219993	-0.08641888621817373	9.9
106.37936853003963	114.86512093280393	3.1103918210161243	-0.08619139527724	10.0
106.27857393381497	114.86870504178245	3.101710193287404	-0.08596284147619292	10.100000000000001
106.17786056803088	114.87316065044878	3.093055645219282	-0.08573348696547593	10.200000000000001
106.0772339053666	114.87848400217865	3.084428059032878	-0.08550358920986821	10.3
105.97669941850138	114.88467134034771	3.0758272993541826	-0.08527340089021324	10.4
105.87626258011446	114.89171890833163	3.0672532135839186	-0.08504316981857006	10.5
105.77592886288507	114.89962294950611	3.058705632269358	-0.08481313886629549	10.600000000000001
105.67570373949242	114.90837970724678	3.0501843694774227	-0.08458354590455089	10.700000000000001
105.5755926826158	114.9179854249294	3.0416892231684205	-0.0843546237567135	10.8
105.47560116493443	114.92843634592958	3.033219975569803	-0.08412660016216562	10.9
105.37573465912756	114.93972871362303	3.024776393549365	-0.08389969775092607	11.0
105.27599863787438	114.95185877138542	3.016358228987331	-0.08367413402858663	11.100000000000001
105.17639857385417	114.9648227625924	3.007965219146819	-0.08345012137101168	11.200000000000001
105.07693993974617	114.97861693061971	2.9995970870421793	-0.08322786702826222	11.3
104.97762820822962	114.99323751884299	2.9912535418047703	-0.08300757313720568	11.4
104.87846885198373	115.00868077063791	2.982934279045733	-0.08278943674227758	11.5
104.77946734368777	115.02494292938016	2.9746389812153713	-0.08257364982386749	11.600000000000001
104.68062915602098	115.0420202384454	2.966367317958778	-0.08236039933380687	11.700000000000001
104.58195976166256	115.05990894120934	2.9581189464673647	-0.08214986723744735	11.8
104.48346463329179	115.07860528104767	2.94989351182599	-0.08194223056182492	11.9
104.38514924358789	115.098105501336	2.9416906473554048	-0.08173766144941813	12.0
104.28701906523011	115.11840584545007	2.933509974949764	-0.08153632721701883	12.100000000000001
104.18907957089769	115.13950255676552	2.9253511054089776	-0.0813383904192463	12.200000000000001
104.09133623326981	115.16139187865807	2.9172136387656953	-0.08114400891624936	12.3
103.99379452502582	115.18407005450337	2.909097164606755	-0.08095333594515265	12.4
103.89645991884487	115.20753332767708	2.901001262388941	-0.08076652019481972	12.5
103.79933788740622	115.2317779415549	2.8929255017489206	-0.08058370588351686	12.600000000000001
103.70243390338912	115.25680013951252	2.8848694428072506	-0.08040503283907886	12.700000000000001
103.60575343947282	115.2825961649256	2.8768326364663745	-0.08023063658118981	12.8
103.50930196833653	115.30916226116982	2.8688146247025412	-0.08006064840540829	12.9
103.41308496265951	115.33649467162087	2.8608149408515975	-0.07989519546858122	13.0
103.31710789512098	115.36458963965441	2.852833109888636	-0.07973440087530267	13.100000000000001
103.2213762384002	115.39344340864614	2.844868648701481	-0.07957838376509203	13.200000000000001
103.12589413804288	115.42304982149498	2.8370249809833377	-0.07674566276252857	13.3
103.03065515067904	115.45338356820754	2.8295348064965293	-0.07312517755778805	13.4
102.93564776332411	115.48441016903341	2.822407809961265	-0.06949041789074932	13.5
102.84086043126517	115.51609508683295	2.8156448266781977	-0.06584479273458752	13.600000000000001
102.74628160978926	115.54840378446654	2.8092464783473052	-0.062191305442146884	13.700000000000001
102.65189975418345	115.5813017247945	2.803213199643286	-0.05853257029669979	13.8
102.55770331973478	115.6147543706772	2.7975452635703193	-0.05487083080732871	13.9
102.46368076173032	115.64872718497502	2.7922428055130086	-0.051207979386636834	14.0
102.36982053545712	115.68318563054828	2.7873058459185938	-0.047545578089575796	14.100000000000001
102.27611109620223	115.71809517025737	2.782734311561546	-0.043884880133191785	14.200000000000001
102.18254089925271	115.75342126696262	2.7785280553555096	-0.0402268519571622	14.3
102.08909839989565	115.78912938352438	2.7746868746892974	-0.03657219562344109	14.4
101.99577205341808	115.82518498280302	2.7712105282734223	-0.0329213713896304	14.5
101.90255031510704	115.8615535276589	2.7680987514915234	-0.029274620324476756	14.600000000000001
101.8094216402496	115.89820048095237	2.7653512702572405	-0.025631986864906427	14.700000000000001
101.71637448413284	115.9350913055438	2.7629678133816773	-0.021993341242103167	14.8
101.62339730204377	115.97219146429352	2.7609481234597975	-0.0183584017292374	14.9
101.5304785492695	116.00946642006188	2.7592919662860225	-0.014726756685551408	15.0
101.43760668109705	116.04688163570928	2.7579991388101384	-0.011097886390633938	15.100000000000001
101.34477015281351	116.08440257409603	2.757069475644509	-0.007471184678932232	15.200000000000001
101.25195741970589	116.1219946980825	2.756502854132696	-0.003845980397924278	15.3
101.15915693706128	116.15962347052908	2.7562991979880334	-0.00022155872399159162	15.4
