98.0471	184.9708	1.0760110792872095	-5.118227718950254e-19	0.0
98.09459038189593	185.05881849909738	1.076012424593562	2.6902641142223443e-05	0.1
98.14208052444175	185.14683712129053	1.0760164605130496	5.3805295163171334e-05	0.2
98.18957018828736	185.23485598967522	1.0760231870469597	8.070797493281663e-05	0.30000000000000004
98.23705913408266	185.32287522734725	1.0760326041974375	0.00010761069330363187	0.4
98.28454712247752	185.41089495740235	1.076044711967485	0.00013451346310183783	0.5
98.33203391412184	185.49891530293633	1.0760595103609571	0.00016141629711865325	0.6000000000000001
98.37951926966554	185.58693638704491	1.0760769993825616	0.00018831920810154354	0.7000000000000001
98.42700294975847	185.6749583328239	1.0760971790378535	0.0002152222087454693	0.8
98.47448471505055	185.76298126336908	1.0761200493332324	0.00024212531168413547	0.9
98.52196432619168	185.8510053017762	1.076145610275938	0.00026902852948123944	1.0
98.56944154383173	185.93903057114105	1.0761738618740453	0.0002959318746217182	1.1
98.61691612862062	186.0270571945594	1.0762048041364587	0.0003228353595029961	1.2000000000000002
98.66438784120821	186.11508529512696	1.076238437072906	0.00034973899642623215	1.3
98.71185644224443	186.20311499593961	1.0762747606939318	0.0003766427975875656	1.4000000000000001
98.75932169237915	186.29114642009307	1.0763137750108902	0.0004035467750693622	1.5
98.80678335226226	186.37917969068306	1.0763554800359365	0.0004304509408314595	1.6
98.85424118254366	186.46721493080545	1.0763998757820195	0.0004573553067024108	1.7000000000000002
98.90169494387325	186.55525226355593	1.0764469622628718	0.00048425988437072944	1.8
98.94914439690092	186.64329181203033	1.0764967394930003	0.0005111646853761319	1.9000000000000001
98.99658930227656	186.73133369932438	1.0765492074876764	0.0005380697211007793	2.0
99.04402942065006	186.81937804853388	1.0766043662629246	0.0005649750027605203	2.1
99.09146451267132	186.90742498275458	1.076662215835511	0.0005918805413961302	2.2
99.13889433899024	186.9954746250823	1.076722756222933	0.000618786347864552	2.3000000000000003
99.18631866025669	187.0835270986127	1.076785987443404	0.0006456924328301336	2.4000000000000004
99.23373723712058	187.1715825264417	1.0768519095158429	0.0006725988067558677	2.5
99.28114983023181	187.25964103166498	1.0769205224598581	0.0006995054798946259	2.6
99.32855620024026	187.3477027373783	1.0769918262957352	0.0007264124622803974	2.7
99.37595610779582	187.4357677666775	1.077065821044421	0.0007533197637195216	2.8000000000000003
99.42334931354839	187.5238362426583	1.0771425067275082	0.0007802273937819224	2.9000000000000004
99.47073557814787	187.6119082884165	1.0772218833672191	0.0008071353617923402	3.0
99.51811466224413	187.69998402704783	1.0773039509863895	0.0008340436768215646	3.1
99.56548632648709	187.7880635816481	1.0773887096084511	0.0008609523476776629	3.2
99.61285033152663	187.8761470753131	1.0774761592574142	0.0008878613828972095	3.3000000000000003
99.66020643801265	187.96423463113854	1.0775662999578481	0.0009147707907365151	3.4000000000000004
99.70755440659504	188.05232637222022	1.0776591317348638	0.0009416805791628501	3.5
99.75489399792369	188.14042242165397	1.077754654614093	0.0009685907558456737	3.6
99.8022249726485	188.22852290253547	1.0778528686216684	0.0009955013281478537	3.7
99.84954709141935	188.31662793796053	1.0779537737842033	0.0010224123031168935	3.8000000000000003
99.89686011488615	188.40473765102496	1.0780573701287701	0.0010493236874761492	3.9000000000000004
99.94416380369877	188.49285216482446	1.0781636576828784	0.0010762354876160535	4.0
99.99145791850714	188.58097160245487	1.0782726364744517	0.001103147709585332	4.1000000000000005
100.03874221996112	188.66909608701192	1.078384306531806	0.0011300603590822206	4.2
100.08601646871061	188.75722574159136	1.0784986678836244	0.001156973441445684	4.3
100.13328042540552	188.84536068928904	1.0786157205589344	0.0011838869616466279	4.4
100.18053385069572	188.93350105320067	1.0787354645870817	0.0012108009242791128	4.5
100.22777650523112	189.02164695642202	1.0788578999977054	0.001237715333551569	4.6000000000000005
100.2750081496616	189.1097985220489	1.0789830268207126	0.0012646301932780029	4.7
100.32222854463707	189.19795587317708	1.07911084508625	0.0012915455068692105	4.800000000000001
100.36943745080741	189.28611913290226	1.0792413548246793	0.0013184612773239838	4.9
100.41663462882252	189.3742884243203	1.079374556066547	0.0013453775072203185	5.0
100.46381983933229	189.46246387052693	1.0795104488425575	0.0013722941987066195	5.1000000000000005
100.51099284298661	189.55064559461795	1.0796490331835435	0.0013992113534929045	5.2
100.55815340043537	189.6388337196891	1.0797903091204373	0.0014261289728420097	5.300000000000001
100.60530127232849	189.72702836883613	1.0799342766842392	0.0014530470575607904	5.4
100.65243621931583	189.8152296651549	1.0800809359059886	0.001479965607991321	5.5
100.6995580020473	189.90343773174112	1.0802302868167315	0.0015068846240020993	5.6000000000000005
100.74666638117277	189.99165269169055	1.0803823294474886	0.0015338041049792388	5.7
100.79376111734217	190.079874668099	1.0805370638292238	0.0015607240498176718	5.800000000000001
100.84084197120538	190.16810378406217	1.0806944899928104	0.0015876444569123448	5.9
100.88790870341228	190.25634016267594	1.0808546079689973	0.0016145653241494134	6.0
100.93496107461277	190.344583927036	1.0810174177883758	0.0016414866488974403	6.1000000000000005
100.98199884545676	190.43283520023817	1.0811829194813436	0.001668408427998582	6.2
101.02902177659412	190.5210941053782	1.08135111307807	0.001695330657759794	6.300000000000001
101.07602962867476	190.60936076555188	1.08152199860846	0.0017222533339440117	6.4
101.12302216234855	190.69763530385492	1.0816955761021179	0.0017491764517613513	6.5
101.16999913826541	190.78591784338317	1.0818718455883094	0.0017761000058602952	6.6000000000000005
101.21696031707522	190.87420850723237	1.0820508070959245	0.0018030239903188863	6.7
101.26390545942787	190.9625074184983	1.0822324606534388	0.0018299483986359182	6.800000000000001
101.31083432597326	191.0508147002767	1.0824168062888755	0.0018568732237221244	6.9
101.35774667736129	191.13913047566334	1.0826038440297645	0.0018837984578913664	7.0
101.40464227424184	191.22745486775406	1.0827935739031034	0.0019107240928518277	7.1000000000000005
101.4515208772648	191.3157879996446	1.082985995935316	0.0019376501196972022	7.2
101.49838224708007	191.4041299944307	1.0831811101522126	0.001964576528897878	7.300000000000001
101.54522614433756	191.49248097520814	1.0833789165789456	0.0019915033102921396	7.4
101.59205232968714	191.58084106507275	1.0835794152399698	0.00201843045307734	7.5
101.6388605637787	191.6692103871202	1.0837826061589972	0.002045357945801109	7.6000000000000005
101.68565060726216	191.75758906444634	1.083988489358955	0.002072285776352532	7.7
101.73242222078738	191.84597722014695	1.0841970648619406	0.002099213931953346	7.800000000000001
101.77917516500428	191.93437497731773	1.0844083326891765	0.002126142399149129	7.9
101.82590920056275	192.02278245905453	1.0846222928609661	0.002153071163800495	8.0
101.87262408811266	192.11119978845304	1.0848389453966463	0.0021800002110742866	8.1
101.91931958830394	192.19962708860913	1.0850582903145423	0.00220692952543477	8.200000000000001
101.96599546178645	192.2880644826185	1.0852803276319196	0.002233859090634829	8.3
102.01265146921008	192.37651209357693	1.0855050573649367	0.0022607888897071635	8.4
102.05928737122477	192.46497004458024	1.0857324795285968	0.0022877189049554905	8.5
102.10590292848036	192.55343845872414	1.0859625941366984	0.0023146491179457393	8.6
102.15249790162677	192.64191745910443	1.0861954012017867	0.002341579509497259	8.700000000000001
102.1990720513139	192.7304071688169	1.086430900735103	0.0023685100596740182	8.8
102.24562513819163	192.8189077109573	1.0866690927465337	0.002395440747775814	8.9
102.29215692290985	192.90741920862135	1.0869099772445598	0.0024223715523294803	9.0
102.33866716611846	192.99594178490494	1.0871535542362054	0.0024493024510800973	9.1
102.38515562846734	193.08447556290375	1.0873998237269837	0.0024762334209822096	9.200000000000001
102.43162207060642	193.17302066571358	1.0876487857208457	0.002503164438191035	9.3
102.47806625318555	193.26157721643023	1.0879004402201258	0.002530095478053692	9.4
102.52448793685465	193.35014533814942	1.0881547872254875	0.0025570265151004202	9.5
102.5708868822636	193.43872515396694	1.0884118267358693	0.0025839575230358074	9.600000000000001
102.6172628500623	193.5273167869786	1.088671558748429	0.002610888474730016	9.700000000000001
102.66361560090064	193.61592036028009	1.0889339832584881	0.002637819342210023	9.8
102.7099448954285	193.70453599696728	1.0891991002594743	0.0026647500966508544	9.9
102.75625049429581	193.7931638201359	1.0894669097428662	0.002691680708366831	10.0
102.80253215815243	193.88180395288165	1.0897374116981333	0.002718611146802814	10.100000000000001
102.84878964764827	193.97045651830044	1.0900106061126804	0.002745541380525454	10.200000000000001
102.89502272343321	194.05912163948793	1.0902864929717866	0.0027724713772144544	10.3
102.94123114615715	194.14779943953994	1.090565072258547	0.0027994011036538333	10.4
102.98741467647	194.23649004155226	1.0908463439538125	0.0028263305257231865	10.5
103.03357307502161	194.3251935686206	1.0911303080361288	0.0028532596083889667	10.600000000000001
103.07970610246191	194.41391014384078	1.0914169644816762	0.002880188315695762	10.700000000000001
103.1258135194408	194.50263989030856	1.0917063132642066	0.0029071166107575847	10.8
103.17189508660813	194.5913829311197	1.0919983543549827	0.0029340444557491626	10.9
103.21795056461384	194.68013938937	1.092293087722713	0.0029609718118972384	11.0
103.26397971410779	194.76890938815524	1.092590513333491	0.002987898639471884	11.100000000000001
103.30998229573989	194.85769305057113	1.0928906311507283	0.0030148248977778084	11.200000000000001
103.35595807016003	194.9464904997135	1.0931934411350925	0.0030417505451456857	11.3
103.4019067980181	195.03530185867805	1.0934989432444402	0.0030686755389234856	11.4
103.447828239964	195.12412725056066	1.093807137433752	0.0030955998354678144	11.5
103.49372215664762	195.21296679845705	1.0941180236550656	0.003122523390135264	11.600000000000001
103.53958830871885	195.30182062546294	1.0944316018574098	0.00314944615727377	11.700000000000001
103.58542645682758	195.3906888546742	1.0947478719867363	0.0031763680902139775	11.8
103.6312363616237	195.47957160918654	1.095066833985851	0.003203289141260626	11.9
103.67701778375714	195.5684690120957	1.0953884877943463	0.003230209261683931	12.0
103.72277048387774	195.65738118649756	1.0957128333485318	0.0032571284017109867	12.100000000000001
103.76849422263543	195.7463082554878	1.0960398705813637	0.0032840465105171738	12.200000000000001
103.81418876068008	195.8352503421622	1.096369599422375	0.0033109635362175804	12.3
103.85985385866161	195.92420756961658	1.0967020197976045	0.0033378794258584386	12.4
103.90548927722988	196.01318006094664	1.0970371316295247	0.0033647941254085698	12.5
103.95109477703481	196.10216793924826	1.0973749348369701	0.0033917075797508405	12.600000000000001
103.99667011872629	196.1911713276171	1.097715429335065	0.00341861973267363	12.700000000000001
104.0422150629542	196.280190349149	1.0980586150351492	0.003445530526862324	12.8
104.08772937036844	196.3692251269397	1.098404491844704	0.0034724399038908046	12.9
104.1332128016189	196.458275784085	1.0987530596672797	0.003499347804212969	13.0
104.17866511735548	196.54734244368063	1.099104318402418	0.0035262541671542504	13.100000000000001
104.22408607822807	196.6364252288224	1.0994582679455789	0.003553158930903168	13.200000000000001
104.26947544488657	196.7255242626061	1.0998149081880622	0.0035800620325028777	13.3
104.31483297798086	196.8146396681274	1.100174239016933	0.0036069634078427512	13.4
104.36015843816084	196.9037715684822	1.1005362603149427	0.003633862991649965	13.5
104.40545158607641	196.99292008676616	1.1009009719604523	0.0036607607174811083	13.600000000000001
104.45071228370118	197.08208529319182	1.101264903016165	0.0036173859736155552	13.700000000000001
104.49594081330336	197.1712670386097	1.1016244118844523	0.0035731496102754273	13.8
104.54113756611234	197.2604651170007	1.1019794980499291	0.0035289133022036205	13.9
104.58630293335777	197.34967932234582	1.1023301615239427	0.003484677122138511	14.0
104.63143730626923	197.43890944862585	1.1026764023225841	0.0034404411397113382	14.100000000000001
104.67654107607636	197.52815528982183	1.1030182204664847	0.003396205421485132	14.200000000000001
104.72161463400879	197.6174166399145	1.1033556159806115	0.003351970030993661	14.3
104.7666583712961	197.70669329288484	1.1036885888940668	0.003307735028780401	14.4
104.81167267916794	197.7959850427137	1.104017139239891	0.0032635004724375217	14.5
104.8566579488539	197.88529168338204	1.1043412670548658	0.003219266416644888	14.600000000000001
104.90161457158364	197.97461300887073	1.1046609723793226	0.0031750329132090673	14.700000000000001
104.9465429385867	198.0639488131606	1.1049762552569518	0.0031308000111023608	14.8
104.99144344109276	198.15329889023266	1.1052871157346147	0.003086567756501829	14.9
105.03631647033144	198.2426630340677	1.1055935538621597	0.003042336192828349	15.0
105.08116241753231	198.33204103864668	1.1058955696922388	0.002998105360785656	15.100000000000001
105.12598167392504	198.42143269795045	1.106193163280128	0.0029538752983994127	15.200000000000001
105.17077463073919	198.51083780595994	1.106486334683551	0.0029096460410562653	15.3
105.21554167920442	198.60025615665603	1.1067750839625026	0.0028654176215429142	15.4
105.26028321055034	198.68968754401962	1.107059411179079	0.0028211900700851915	15.5
105.30499961600654	198.77913176203157	1.107339316397307	0.0027769634143871326	15.600000000000001
105.34969128680265	198.86858860467288	1.1076147996829775	0.0027327376796700514	15.700000000000001
105.39435861416833	198.9580578659243	1.1078858611034814	0.002688512888711617	15.8
105.43900198933314	199.04753933976681	1.1081525007276478	0.002644289061884929	15.9
105.4836218035267	199.1370328201813	1.1084147186255857	0.0026000662171975935	16.0
105.52821844797866	199.22653810114866	1.1086725148685261	0.0025558443703307945	16.1
105.5727923139186	199.3160549766498	1.1089258895286702	0.002511623534678364	16.2
105.61734379257618	199.40558324066558	1.1091748426790369	0.002467403721385841	16.3
105.66187327518098	199.49512268717692	1.109419374393314	0.0024231849393895398	16.400000000000002
105.70638115296263	199.58467311016466	1.1096594847457135	0.002378967195455608	16.5
105.75086781715075	199.67423430360978	1.109895173810827	0.0023347504942190646	16.6
105.79533365897494	199.7638060614931	1.1101264416634857	0.002290534838222854	16.7
105.83977906966483	199.8533881777956	1.1103532883786218	0.002246320227956881	16.8
105.88420444045003	199.94298044649813	1.110575714031133	0.0022021066618970386	16.900000000000002
105.92861016256018	200.03258266158156	1.1107937186957495	0.002157894136544238	17.0
105.97299662722487	200.1221946170268	1.1110073024469043	0.002113682646463407	17.1
106.01736422567373	200.21181610681472	1.1112164653586039	0.0020694721843225157	17.2
106.06171334913637	200.3014469249263	1.1114212075043048	0.002025262740931555	17.3
106.1060443888424	200.39108686534234	1.1116215289567897	0.0019810543052815413	17.400000000000002
106.15035773602145	200.48073572204382	1.1118174297880485	0.0019368468645834858	17.5
106.19465378190314	200.57039328901152	1.11200891006916	0.00189264040430736	17.6
106.23893291771707	200.66005936022648	1.1121959698701773	0.0018484349082210695	17.7
106.28319553469287	200.74973372966946	1.1123786092600167	0.0018042303584293866	17.8
106.32744202406013	200.83941619132148	1.1125568283063467	0.0017600267354129034	17.900000000000002
106.3716727770485	200.92910653916329	1.1127306270754815	0.0017158240180669576	18.0
106.4158881848876	201.01880456717592	1.1129000056322766	0.0016716221837405434	18.1
106.46008863880702	201.10851006934018	1.1130649640400274	0.0016274212082752362	18.2
106.50427453003638	201.198222839637	1.1132255023603692	0.0015832210660440742	18.3
106.54844624980532	201.28794267204725	1.1133816206531815	0.00153902172999046	18.400000000000002
106.59260418934343	201.3776693605519	1.1135333189764927	0.0014948231716670375	18.5
106.63674873988036	201.46740269913175	1.1136805973863901	0.0014506253612745486	18.6
106.68088029264568	201.55714248176773	1.1138234559369302	0.0014064282677007077	18.7
106.72499923886903	201.64688850244076	1.1139618946800525	0.0013622318585590355	18.8
106.76910596978004	201.7366405551317	1.114095913665496	0.0013180361002277082	18.900000000000002
106.8132008766083	201.82639843382145	1.1142255129407181	0.0012738409578883824	19.0
106.85728435058346	201.91616193249092	1.114350692550816	0.0012296463955650077	19.1
106.90135678293511	202.005930845121	1.1144714525384511	0.0011854523761626523	19.200000000000003
106.94541856489286	202.09570496569256	1.1145877929437753	0.0011412588615062906	19.3
106.98947008768637	202.18548408818657	1.1146997138043604	0.001097065812379598	19.400000000000002
107.03351174254522	202.27526800658381	1.11480721515513	0.001052873188563743	19.5
107.077543920699	202.3650565148653	1.1149102970282945	0.0010086809488761496	19.6
107.1215670133774	202.4548494070118	1.1150089594532868	0.0009644890512092814	19.700000000000003
107.16558141180998	202.54464647700433	1.1151032024567031	0.0009202974525693893	19.8
107.20958750722639	202.63444751882372	1.115193026062245	0.0008761061091152673	19.900000000000002
107.2535856908562	202.72425232645088	1.1152784302906635	0.0008319149761970056	20.0
107.29757635392909	202.8140606938667	1.1153594151597075	0.0007877240083947192	20.1
107.34155988767463	202.9038724150521	1.1154359806840723	0.0007435331595572946	20.200000000000003
107.38553668332244	202.99368728398792	1.1155081268753542	0.0006993423828411107	20.3
107.42950713210217	203.0835050946551	1.1155758537420033	0.0006551516307487585	20.400000000000002
107.47347162524339	203.17332564103452	1.115639161289283	0.0006109608551677701	20.5
107.51743055397574	203.26314871710704	1.11569804951923	0.0005667700074093202	20.6
107.56138430952886	203.35297411685363	1.1157525184306156	0.0005225790382469475	20.700000000000003
107.60533328313234	203.44280163425515	1.1158025680189139	0.00047838789795525484	20.8
107.64927786601578	203.53263106329248	1.1158481982762671	0.00043419653634861057	20.900000000000002
107.69321844940885	203.6224621979465	1.1158894091914584	0.0003900049028198585	21.0
107.7371554245411	203.71229483219818	1.1159262007498838	0.0003458129463790051	21.1
107.78108918264219	203.80212876002835	1.1159585729335275	0.00030162061569192995	21.200000000000003
107.82502011494172	203.89196377541793	1.1159865257209427	0.00025742785911907456	21.3
107.86894861266933	203.9817996723478	1.1160100590872297	0.0002132346247541365	21.400000000000002
107.91287506705461	204.07163624479884	1.1160291730040208	0.0001690408604627749	21.5
107.9567998693272	204.16147328675197	1.1160438674394666	0.000124846513921296	21.6
108.0007234107167	204.25131059218808	1.1160541423582246	8.065153265536212e-05	21.700000000000003
108.04464608245272	204.34114795508808	1.1160599977214496	3.645586407868552e-05	21.8
108.08856827576487	204.43098516943283	1.116061433486789	-7.740544468273561e-06	21.900000000000002
108.13249038188282	204.52082202920326	1.116058449608378	-5.193774567959192e-05	22.0
108.17641279203612	204.61065832838023	1.1160510460368394	-9.613579224518787e-05	22.1
108.22033589745443	204.70049386094468	1.1160392227192848	-0.00014033473681209787	22.200000000000003
108.26426008807562	204.7903284216316	1.1160231256413693	-0.00017500275075431262	22.3
108.30818565890652	204.88016186059647	1.1160049710831235	-0.00018809748615920618	22.400000000000002
108.35211274680658	204.96999412032105	1.1159855071510938	-0.00020119240549474346	22.5
108.39604147365833	205.05982515203038	1.1159647338357288	-0.00021428749721485232	22.6
108.43997196134431	205.14965490694956	1.1159426511282466	-0.00022738274975742258	22.700000000000003
108.48390433174706	205.23948333630383	1.115919259020638	-0.00024047815154331855	22.8
108.5278387067491	205.32931039131824	1.1158945575056647	-0.00025357369097539235	22.900000000000002
108.57177520823299	205.4191360232179	1.1158685465768634	-0.000266669356437492	23.0
108.61571395808126	205.50896018322803	1.1158412262285455	-0.00027976513629347685	23.1
108.65965507817644	205.5987828225736	1.1158125964557988	-0.0002928610188862262	23.200000000000003
108.7035986904011	205.68860389247985	1.115782657254489	-0.000305956992536652	23.3
108.74754491663775	205.77842334417187	1.1157514086212614	-0.0003190530455427132	23.400000000000002
108.79149387876895	205.8682411288748	1.1157188505535416	-0.00033214916617842276	23.5
108.83544569867722	205.95805719781376	1.1156849830495383	-0.00034524534269286464	23.6
108.87940049824509	206.0478715022139	1.115649806108244	-0.0003583415633092028	23.700000000000003
108.92335839935514	206.1376839933003	1.1156133197294376	-0.0003714378162236943	23.8
108.96731952388988	206.22749462229808	1.115575523913685	-0.0003845340896047028	23.900000000000002
109.01128399373185	206.3173033404324	1.115536418662343	-0.00039763037159170906	24.0
109.05525193076359	206.40711009892837	1.115496003977559	-0.00041072665029432635	24.1
109.09922345686765	206.49691484901112	1.1154542798622744	-0.00042382291379130995	24.200000000000003
109.14319869392656	206.58671754190578	1.1154112463202264	-0.00043691915012957297	24.3
109.18717776382287	206.67651812883744	1.1153669033559497	-0.00045001534732319907	24.400000000000002
109.2311607884391	206.7663165610313	1.1153212509747794	-0.0004631114933524543	24.5
109.2751478896578	206.85611278971237	1.1152742891828533	-0.00047620757616280315	24.6
109.31913918936152	206.9459067661059	1.1152260179871132	-0.0004893035836639206	24.700000000000003
109.36313480943278	207.03569844143692	1.1151764373953086	-0.000502399503728706	24.8
109.40713487175411	207.1254877669306	1.1151255474159985	-0.0005154953241922998	24.900000000000002
109.45113949820808	207.2152746938121	1.115073348058554	-0.0005285910328510952	25.0
109.49514881067722	207.30505917330643	1.1150198393331607	-0.0005416866174617553	25.1
109.53916293104406	207.39484115663885	1.1149650212508224	-0.0005547820657402266	25.200000000000003
109.58318198119115	207.4846205950344	1.1149088938233624	-0.0005678773653607547	25.3
109.62720608300101	207.5743974397182	1.1148514570634276	-0.0005809725039549024	25.400000000000002
109.6712353583562	207.6641716419155	1.1147927109844902	-0.000594067469110561	25.5
109.71526992913925	207.75394315285124	1.1147326556008517	-0.0006071622483709721	25.6
109.75930991723268	207.84371192375065	1.1146712909276453	-0.0006202568292337397	25.700000000000003
109.80335544451907	207.93347790583883	1.1146086169808391	-0.0006333511991498498	25.8
109.84740663288095	208.0232410503409	1.1145446337772396	-0.0006464453455226876	25.900000000000002
109.89146360420082	208.11300130848204	1.1144793413344938	-0.0006595392557070536	26.0
109.93552648036125	208.2027586314873	1.1144127396710943	-0.0006726329170081848	26.1
109.9795953832448	208.29251297058187	1.1143448288063809	-0.0006857263166807699	26.200000000000003
110.02367043473396	208.3822642769908	1.1142756087605445	-0.0006988194419279699	26.3
110.06775175671127	208.4720125019393	1.1142050795546317	-0.0007119122799004384	26.400000000000002
110.11183947105934	208.56175759665243	1.1141332412105462	-0.0007250048176953392	26.5
110.15593369966064	208.65149951235534	1.1140600937510547	-0.0007380970423553687	26.6
110.20003456439774	208.7412382002732	1.1139856371997894	-0.0007511889408677748	26.700000000000003
110.24414218715317	208.830973611631	1.1139098715812505	-0.000764280500163379	26.8
110.28825668980947	208.92070569765403	1.113832796920813	-0.0007773717071155987	26.900000000000002
110.33237819424919	209.0104344095673	1.1137544132447281	-0.0007904625485394672	27.0
110.37650682235483	209.10015969859597	1.1136747205801278	-0.0008035530111906599	27.1
110.42064269600897	209.18988151596523	1.1135937189550291	-0.0008166430817645132	27.200000000000003
110.4647859370941	209.2795998129001	1.1135114083983382	-0.0008297327468950511	27.3
110.50893666749285	209.36931454062574	1.113427788939854	-0.00084282199315401	27.400000000000002
110.55309500908768	209.45902565036727	1.1133428606102735	-0.0008559108070498595	27.5
110.59726108376115	209.54873309334985	1.1132566234411942	-0.0008689991750268339	27.6
110.64143501339582	209.6384368207986	1.1131690774651204	-0.0008820870834639526	27.700000000000003
110.6856169198742	209.7281367839386	1.1130802227154657	-0.0008951745186740485	27.8
110.72980692507885	209.81783293399505	1.1129900592265596	-0.0009082614669027976	27.900000000000002
110.77400515089226	209.907525222193	1.1128985870336496	-0.0009213479143277436	28.0
110.81821171919705	209.9972135997576	1.1128058061729083	-0.0009344338470573283	28.1
110.8624267518757	210.086898017914	1.1127117166814358	-0.0009475192511299187	28.200000000000003
110.90665037081078	210.17657842788728	1.1126163185972657	-0.0009606041125128395	28.3
110.95088269788482	210.26625478090259	1.1125196119593699	-0.0009736884171014024	28.400000000000002
110.99512385498035	210.35592702818505	1.1124215968076627	-0.000986772150717935	28.5
111.0393739639799	210.4455951209598	1.1123222731830062	-0.0009998552991108184	28.6
111.08363314676603	210.53525901045197	1.1122216411272157	-0.0010129378479535125	28.700000000000003
111.12790152522126	210.62491864788666	1.1121197006830637	-0.0010260197828435944	28.8
111.17217922122816	210.71457398448902	1.1120164518942859	-0.0010391010893017925	28.900000000000002
111.21646635666926	210.80422497148413	1.1119118948055855	-0.0010521817527710186	29.0
111.26076305342707	210.89387156009718	1.11180602946264	-0.001065261758615406	29.1
111.30506943338416	210.98351370155322	1.1116988559121046	-0.0010783410921193436	29.200000000000003
111.34938561842306	211.07315134707744	1.1115903742016189	-0.001091419738486516	29.3
111.3937117304263	211.16278444789495	1.1114805843798117	-0.00110449768283894	29.400000000000002
111.43804789127643	211.25241295523082	1.1113694864963064	-0.0011175749102160033	29.5
111.48239422285599	211.34203682031028	1.111257080601728	-0.0011306514055735056	29.6
111.52675084704751	211.43165599435838	1.111143366747706	-0.0011437271537826975	29.700000000000003
111.57111788573353	211.52127042860025	1.1110283449868827	-0.0011568021396293235	29.8
111.6154954607966	211.610880074261	1.1109120153729177	-0.0011698763478126654	29.900000000000002
111.65988369411924	211.70048488256583	1.1107943779604939	-0.0011829497629445831	30.0
111.70428270758403	211.79008480473976	1.1106754328053234	-0.0011960223695485616	30.1
111.74869262307345	211.879679792008	1.1105551799641535	-0.0012090941520587538	30.200000000000003
111.79311356247007	211.96926979559566	1.1104336194947728	-0.0012221650948190292	30.3
111.83754564765644	212.05885476672782	1.110310751456017	-0.0012352351820820201	30.400000000000002
111.8819890005151	212.1484346566297	1.1101865759077756	-0.0012483043980081692	30.5
111.92644374292856	212.23800941652632	1.1100610929109969	-0.0012613727266647821	30.6
111.97090999677938	212.3275789976428	1.1099343025276958	-0.0012744401520250728	30.700000000000003
112.0153878839501	212.4171433512044	1.1098062048209594	-0.0012875066579672186	30.8
112.05987752632325	212.50670242843609	1.109676799854953	-0.0013005722282734115	30.900000000000002
112.10437904578137	212.5962561805631	1.1095460876949275	-0.001313636846628914	31.0
112.148892564207	212.6858045588105	1.1094140684072251	-0.0013267004966211096	31.1
112.19341820348268	212.77534751440342	1.1092807420592863	-0.0013397631617385617	31.200000000000003
112.23795608549098	212.86488499856702	1.1091461087196564	-0.0013528248253700703	31.3
112.28250633211438	212.95441696252638	1.1090101684579925	-0.0013658854708037305	31.400000000000002
112.32706906523546	213.04394335750666	1.1088729213450699	-0.0013789450812259879	31.5
112.37164440673676	213.13346413473298	1.1087343674527887	-0.0013920036397207078	31.6
112.41623247850079	213.22297924543045	1.1085945068541823	-0.001405061129268227	31.700000000000003
112.46083340241012	213.3124886408242	1.1084533396234217	-0.0014181175327444228	31.8
112.50544730034724	213.40199227213935	1.1083108658358252	-0.0014311728329197773	31.900000000000002
112.55007429419476	213.49149009060105	1.1081670855678638	-0.0014442270124584398	32.0
112.59471450583519	213.58098204743436	1.1080219988971691	-0.0014572800539172975	32.1
112.63936805715103	213.6704680938645	1.10787560590254	-0.0014703319397450397	32.2
112.68403507002488	213.75994818111658	1.1077279066639512	-0.0014833826522812298	32.300000000000004
112.72871566633924	213.84942226041565	1.107578901262558	-0.001496432173755375	32.4
112.77340996797665	213.93889028298685	1.107428589780707	-0.0015094804862860025	32.5
112.81811809681966	214.02835220005537	1.1072769723019416	-0.0015225275718797257	32.6
112.86284017475083	214.11780796284629	1.107124048911009	-0.0015355734124303261	32.7
112.90757632365268	214.20725752258474	1.10696981969387	-0.0015486179897178248	32.800000000000004
112.95232666540774	214.29670083049587	1.1068142847377045	-0.0015616612854075632	32.9
112.99709132189855	214.38613783780477	1.1066574441309203	-0.001574703281049285	33.0
113.04187041500764	214.47556849573655	1.1064992979631607	-0.0015877439580762101	33.1
113.08666406661759	214.56499275551639	1.1063398463253125	-0.0016007832978041235	33.2
113.13147239861091	214.65441056836937	1.106179089309514	-0.0016138212814304548	33.300000000000004
113.17629553287011	214.74382188552065	1.106017027009162	-0.0016268578900333665	33.4
113.2211335912778	214.83322665819531	1.1058536595189212	-0.0016398931045708413	33.5
113.26598669571646	214.9226248376185	1.1056889869347315	-0.001652926905879768	33.6
113.31085496806867	215.01201637501543	1.1055230093538166	-0.0016659592746750356	33.7
113.35573853021694	215.10140122161107	1.1053557268746914	-0.0016789901915486205	33.800000000000004
113.40063750404381	215.19077932863064	1.1051871395971717	-0.0016920196369686847	33.9
113.44555201143184	215.28015064729922	1.105017247622381	-0.0017050475912786705	34.0
113.49048217426353	215.369515128842	1.10484605105276	-0.0017180740346963938	34.1
113.53542811442148	215.45887272448405	1.1046735499920748	-0.0017310989473131467	34.2
113.58038995378818	215.54822338545048	1.1044997445454252	-0.001744122309092799	34.300000000000004
113.62536781424619	215.63756706296647	1.1043246348192535	-0.001757144099870893	34.4
113.67036181767804	215.7269037082571	1.1041482209213531	-0.0017701642993537589	34.5
113.71537208596627	215.81623327254758	1.1039705029608773	-0.0017831828871176113	34.6
113.76039874099342	215.9055557070629	1.103791481048348	-0.001796199842607662	34.7
113.80544190464204	215.99487096302823	1.1036111552956644	-0.001809215145137228	34.800000000000004
113.85050169879463	216.0841789916688	1.1034295258161124	-0.001822228773886841	34.9
113.89557824533378	216.1734797442096	1.1032465927243729	-0.001835240707903368	35.0
113.94067166614201	216.26277317187584	1.1030623561365314	-0.0018482509260991182	35.1
113.98578208310187	216.35205922589262	1.1028768161700866	-0.0018612594072509648	35.2
114.03090961243895	216.44133786000467	1.1026906265012024	-0.0018282279140331118	35.300000000000004
114.07605386942843	216.53060925108406	1.1025151989746047	-0.0016790301094708015	35.4
114.12121358219545	216.61987397114666	1.1023546944828586	-0.0015298443910865239	35.5
114.16638738796803	216.70913263269452	1.1022091122607993	-0.0013806699062494238	35.6
114.21157392397417	216.7983858482296	1.1020784516006263	-0.001231505787153542	35.7
114.25677182744195	216.8876342302541	1.1019627118528685	-0.001082351152304065	35.800000000000004
114.30197973559937	216.97687839127002	1.1018618924272496	-0.0009332051080025135	35.9
114.3471962856745	217.06611894377943	1.1017759927934545	-0.0007840667498308898	36.0
114.39242011489534	217.1553565002844	1.101705012481798	-0.000634935164135068	36.1
114.43764986048997	217.244591673287	1.1016489510837912	-0.0004858094295073025	36.2
114.48288415968636	217.33382507528927	1.101607808252613	-0.00033668861826812065	36.300000000000004
114.5281216497126	217.4230573187933	1.101581583703479	-0.00018757179794765712	36.4
114.5733609677967	217.51228901630117	1.1015702772139129	-3.8458032766477184e-05	36.5
114.61860075116672	217.60152078031496	1.10157388862392	0.00011065361488383821	36.6
114.66383963705067	217.69075322333666	1.101592417836059	0.0002597640829604531	36.7
114.70907626267659	217.77998695786843	1.1016258648154178	0.00040887430828911065	36.800000000000004
114.75430926527251	217.86922259641227	1.1016742295894884	0.0005579852250839892	36.9
114.79953728206648	217.95846075147023	1.1017375122479438	0.0007070977634675197	37.0
114.84475895028655	218.04770203554443	1.1018157129423152	0.0008562128479899017	37.1
114.88997290716071	218.13694706113694	1.1019088318855712	0.0010053313961484159	37.2
114.93517778991703	218.2261964407498	1.1020168693515973	0.0011544543169062782	37.300000000000004
114.98037223578353	218.31545078688507	1.102139825674576	0.0013035825092109707	37.4
115.02555488198827	218.40471071204485	1.1022777012482698	0.0014527168605120093	37.5
115.07072436575925	218.49397682873115	1.1024304965252028	0.0016018582452778816	37.6
115.11587932432452	218.58324974944608	1.102598212015744	0.0017510075235122782	37.7
115.16101839491212	218.6725300866917	1.1027808482870924	0.0019001655392693428	37.800000000000004
115.20614021475008	218.76181845297003	1.1029784059621615	0.002049333119167925	37.9
115.25124342106643	218.8511154607832	1.1031908857183654	0.002198511070904784	38.0
115.29632665108925	218.94042172263326	1.103418288286305	0.0023477001817664984	38.1
115.34138854204647	219.02973785102228	1.103660614448356	0.0024969012171402187	38.2
115.38642773116625	219.11906445845227	1.1039178650371553	0.002646114919023023	38.300000000000004
115.43144285567654	219.20840215742538	1.1041900409339895	0.002795342004529863	38.400000000000006
115.47643255280542	219.29775156044366	1.1044771430670839	0.0029445831644000146	38.5
115.52139545978089	219.38711328000912	1.104779172409791	0.003093839061502029	38.6
115.56633021383102	219.47648792862384	1.1050961299786795	0.0032431103293369726	38.7
115.61123545218383	219.56587611878993	1.1054280168315227	0.0033923975705401205	38.800000000000004
115.65610981206736	219.6552784630094	1.1057748340651896	0.0035417013553808714	38.900000000000006
115.70095193070962	219.74469557378438	1.1061365828134315	0.003691022220260942	39.0
115.74576044533868	219.8341280636169	1.106513264244573	0.00384036066621082	39.1
115.79053399318255	219.923576545009	1.1069048795590999	0.003989717157384318	39.2
115.83527121146928	220.01304163046282	1.1073114299871476	0.0041390921195514074	39.300000000000004
115.8799707374269	220.10252393248038	1.107732916785889	0.0042884859385891715	39.400000000000006
115.92463120828346	220.1920240635637	1.1081693412368223	0.004437898958970924	39.5
115.96925126126698	220.2815426362149	1.1086207046429577	0.004587331482253544	39.6
116.01382953360547	220.37108026293606	1.1090870083259028	0.004736783765562914	39.7
116.05836466252703	220.46063755622922	1.109568253622849	0.004886256020077657	39.800000000000004
116.10285528525962	220.55021512859648	1.110064441883455	0.005035748409511073	39.900000000000006
116.14730003903134	220.6398135925398	1.1105755744666301	0.005185261048591368	40.0
116.19169756107017	220.7294335605614	1.1111016527372168	0.005334794001540248	40.1
116.2360464886042	220.81907564516325	1.1116426780625714	0.0054843472805498695	40.2
116.28034545886143	220.9087404588474	1.1121986518090445	0.005633920844258314	40.300000000000004
116.32459310906992	220.99842861411602	1.112769575338358	0.00578351459622361	40.400000000000006
116.36878807645766	221.088140723471	1.1133554500038838	0.005933128383396397	40.5
116.41292899825272	221.17787739941463	1.113956277146818	0.006082761994591436	40.6
116.45701451168316	221.26763925444877	1.1145720580922553	0.006232415158957869	40.7
116.50104325397695	221.35742690107566	1.115202794145161	0.006382087544448633	40.800000000000004
116.54501386236218	221.44724095179723	1.1158484865862421	0.006531778756288978	40.900000000000006
116.58892497406686	221.5370820191156	1.1165091366677158	0.006681488335444316	41.0
116.63277522631903	221.62695071553281	1.1171847456089767	0.006831215757087614	41.1
116.67656325634672	221.716847653551	1.1178753145921632	0.006980960429066366	41.2
116.72028770137798	221.80677344567215	1.1185808447576198	0.007130721690369574	41.300000000000004
116.76394719864085	221.89672870439838	1.1193013371992595	0.007280498809594734	41.400000000000006
116.80754038536334	221.9867140422317	1.1200367929598245	0.007430290983415182	41.5
116.85106589877348	222.07673007167426	1.120787213026044	0.007580097335048054	41.6
116.89452237609936	222.16677740522806	1.1215525983236914	0.007729916912722962	41.7
116.93790845456894	222.2568566553952	1.1223329497125385	0.007879748688151894	41.800000000000004
116.98122277141032	222.34696843467773	1.1231282679812105	0.008029591555000434	41.900000000000006
117.02446396385149	222.43711335557774	1.1239385538419366	0.008179444327360707	42.0
117.0676306691205	222.52729203059724	1.1247638079252014	0.00832930573822639	42.1
117.11072152444541	222.61750507223834	1.1256040307742936	0.008479174437970003	42.2
117.15373516705422	222.70775309300308	1.1264592228397554	0.008629048992822986	42.300000000000004
117.196670234175	222.79803670539354	1.127329384473728	0.008778927883358876	42.400000000000006
117.23952536303574	222.88835652191182	1.1282145159241996	0.008928809502979952	42.5
117.28229919086452	222.97871315505995	1.1291146173291504	0.009078692156407832	42.6
117.32499035488934	223.06910721734	1.1300296887105976	0.009228574058178325	42.7
117.36759749233826	223.15953932125402	1.1309597299685419	0.009378453331141148	42.800000000000004
117.41011924043931	223.2500100793041	1.1319047408748113	0.009528328004964842	42.900000000000006
117.45255423642051	223.34052010399228	1.1328647210668077	0.009678196014647462	43.0
117.49490111750991	223.43107000782067	1.133839670041154	0.009828055199033512	43.1
117.53715852093555	223.5216604032913	1.1348295871472402	0.009977903299337603	43.2
117.57932508392545	223.61229190290624	1.1358344715806732	0.010127737957675473	43.300000000000004
117.62139944370766	223.70296511916757	1.136854322376628	0.010277556715602884	43.400000000000006
117.6633802375102	223.79368066457738	1.1378891384031	0.010427357012662989	43.5
117.7052661025611	223.88443915163768	1.1389389183540617	0.010577136184942788	43.6
117.74705567608844	223.97524119285058	1.1400036607425208	0.010726891463639228	43.7
117.78874759532022	224.0660874007181	1.1410833638934845	0.01087661997363575	43.800000000000004
117.83034049748446	224.15697838774233	1.1421780259368257	0.011026318732089806	43.900000000000006
117.87183301980922	224.2479147664253	1.1432876448000555	0.011175984647032062	44.0
117.91322379952253	224.3388971492692	1.144412218201002	0.011325614515978162	44.1
117.95451147385242	224.429926148776	1.1455517436403926	0.011475205024553478	44.2
117.99569468002694	224.52100237744773	1.146706218394347	0.011624752745131911	44.300000000000004
118.03677214305948	224.61212640669797	1.1478710234501803	0.011627680438689062	44.400000000000006
118.07774375662353	224.70329826094078	1.1490291123022887	0.011544543372898466	44.5
118.11861024525423	224.79451757569947	1.1501788928274082	0.011461378038140577	44.6
118.159372351238	224.885783978189	1.1513203633308209	0.01137818613775971	44.7
118.20003081686119	224.97709709562423	1.152453522230115	0.011294969339803751	44.800000000000004
118.24058638441022	225.06845655522	1.1535783680528353	0.011211729277228055	44.900000000000006
118.28103979617147	225.15986198419105	1.1546948994341475	0.011128467548103054	45.0
118.32139179443132	225.2513130097524	1.1558031151145196	0.011045185715825414	45.1
118.36164312147618	225.34280925911884	1.156903013937415	0.01096188530933271	45.2
118.40179451959239	225.43435035950515	1.1579945948470023	0.010878567823321396	45.300000000000004
118.44184673106638	225.52593593812628	1.1590778568858813	0.010795234718468012	45.400000000000006
118.4818004981845	225.61756562219708	1.1601527991928218	0.010711887421653483	45.5
118.5216565632332	225.70923903893234	1.1612194210005193	0.010628527326190379	45.6
118.56141566849881	225.80095581554696	1.1622777216333682	0.010545155792053099	45.7
118.60107855626774	225.89271557925576	1.1633277005052463	0.010461774146110785	45.800000000000004
118.64064596882639	225.98451795727365	1.1643693571173195	0.01037838368236283	45.900000000000006
118.68011864846112	226.07636257681543	1.165402691055861	0.010294985662177009	46.0
118.71949733745834	226.16824906509598	1.1664277019900868	0.010211581314529955	46.1
118.75878277810442	226.26017704933014	1.1674443896700069	0.010128171836250054	46.2
118.79797571268577	226.35214615673274	1.168452753924294	0.010044758392262454	46.300000000000004
118.83707688348876	226.4441560145187	1.169452794658169	0.009961342115836276	46.400000000000006
118.87608703279979	226.53620624990282	1.170444511851301	0.00987792410883384	46.5
118.91500690290523	226.62829649009996	1.171427905555728	0.009794505441961731	46.6
118.95383723609147	226.720426362325	1.1724029758937906	0.009711087155023836	46.7
118.99257877464493	226.81259549379274	1.173369723056085	0.009627670257175997	46.800000000000004
119.03123226085195	226.90480351171811	1.1743281472994318	0.00954425572718238	46.900000000000006
119.06979843699897	226.99705004331588	1.175278248944864	0.009460844513673372	47.0
119.10827804537233	227.08933471580096	1.1762200283756297	0.009377437535404931	47.1
119.14667182825845	227.1816571563882	1.1771534860352133	0.009294035681519396	47.2
119.18498052794371	227.27401699229242	1.1780786224253752	0.009210639811807518	47.300000000000004
119.22320488671448	227.36641385072852	1.1789954381042074	0.009127250756971753	47.400000000000006
119.26134564685717	227.45884735891133	1.1799039336842063	0.009043869318890702	47.5
119.29940355065814	227.55131714405564	1.1808041098303657	0.008960496270884572	47.6
119.33737934040383	227.64382283337642	1.1816959672582836	0.008877132357981703	47.7
119.37527375838057	227.73636405408845	1.1825795067322915	0.008793778297185948	47.800000000000004
119.41308754687478	227.82894043340664	1.183454729063596	0.00871043477774491	47.900000000000006
119.45082144817286	227.92155159854576	1.1843216351084422	0.008627102461418986	48.0
119.48847620456114	228.01419717672073	1.1851802257662947	0.008543781982751061	48.1
119.52605255832607	228.10687679514638	1.1860305019780335	0.008460473949336914	48.2
119.563551251754	228.1995900810375	1.1868724647241709	0.008377178942096143	48.300000000000004
119.60097302713136	228.2923366616091	1.187706115023085	0.008293897515543637	48.400000000000006
119.63831862674448	228.38511616407587	1.1885314539292713	0.008210630198061487	48.5
119.6755887928798	228.47792821565278	1.1893484825316123	0.008127377492171281	48.6
119.7127842678237	228.57077244355463	1.1901572019516649	0.008044139874806778	48.7
119.74990579386251	228.66364847499628	1.1909576133419657	0.007960917797586831	48.800000000000004
119.78695411328268	228.7565559371926	1.1917497178843561	0.007877711687088547	48.900000000000006
119.82392996837058	228.8494944573584	1.1925335167883222	0.0077945219451206185	49.0
119.8608341014126	228.94246366270858	1.1933090112893552	0.007711348948996794	49.1
119.89766725469512	229.03546318045795	1.1940762026473293	0.007628193051809421	49.2
119.93443017050453	229.1284926378214	1.194835092144897	0.007545054582703029	49.300000000000004
119.97112359112722	229.22155166201378	1.1955856810859036	0.007461933847147876	49.400000000000006
120.00774825884959	229.3146398802499	1.1963279707938181	0.007378831127213472	49.5
120.04430491595801	229.40775691974468	1.1970619626101846	0.007295746681841949	49.6
120.08079430473887	229.50090240771294	1.1977876578930888	0.007212680747121375	49.7
120.11721716747856	229.59407597136953	1.1985050580156444	0.007129633536558804	49.800000000000004
120.15357424646348	229.68727723792932	1.1992141643644973	0.007046605241353158	49.900000000000006
120.18986628398	229.78050583460714	1.1999149783383476	0.006963596030667852	50.0
120.22609402231451	229.87376138861788	1.2006075013464894	0.006880606051903108	50.1
120.2622582037534	229.9670435271763	1.2012917348073686	0.006797635430967988	50.2
120.29835957058309	230.06035187749737	1.2019676801471593	0.006714684272552048	50.300000000000004
120.33439886508991	230.1536860667959	1.2026353387983568	0.006631752660396615	50.400000000000006
120.37037682956029	230.2470457222867	1.2032947121983903	0.00654884065756568	50.5
120.40629420628059	230.3404304711847	1.203945801788252	0.006465948306716284	50.6
120.44215173753722	230.4338399407047	1.2045886090111442	0.006383075630368568	50.7
120.47795016561656	230.52727375806157	1.205223135311145	0.006300222631175197	50.800000000000004
120.51369023280499	230.62073155047014	1.205849382131892	0.0062173892921903616	50.900000000000006
120.54937268138893	230.7142129451453	1.2064673509152823	0.006134575577138244	51.0
120.5849982536547	230.80771756930193	1.2070770431001914	0.006051781430680866	51.1
120.62056769188878	230.90124505015478	1.2076784601212094	0.005969006778685447	51.2
120.6560817383775	230.9947950149188	1.2082716034073961	0.005886251528491146	51.300000000000004
120.69154113540722	231.0883670908088	1.2088564743810515	0.005803515569175162	51.400000000000006
120.7269466252644	231.1819609050396	1.2094330744565052	0.005720798771818273	51.5
120.76229895023538	231.27557608482616	1.2100014050389243	0.00563810098976966	51.6
120.79759885260657	231.36921225738323	1.210561467523137	0.005555422058911185	51.7
120.83284707466433	231.4628690499257	1.2111132632924753	0.005472761797920927	51.800000000000004
120.86804435869507	231.55654608966844	1.2116567937176335	0.005390120008536065	51.900000000000006
120.9031914469852	231.65024300382626	1.212192060155546	0.005307496475815118	52.0
120.93828908182104	231.7439594196141	1.2127190639482819	0.00522489096839942	52.1
120.97333800548904	231.83769496424668	1.2132378064219553	0.005142303238773985	52.2
121.00833896027558	231.93144926493898	1.2137482888856561	0.005059733023527612	52.300000000000004
121.04329268846702	232.0252219489058	1.2142505126303953	0.004977180043612275	52.400000000000006
121.07819993234978	232.11901264336197	1.2147444789280681	0.004894644004601859	52.5
121.11306143421021	232.21282097552236	1.2152301890304367	0.0048121245969500815	52.6
121.14787793633472	232.30664657260186	1.2157076441681263	0.004729621496247815	52.7
121.18265018100969	232.4004890618153	1.216176845549641	0.004647134363479574	52.800000000000004
121.21737891052155	232.4943480703775	1.2166377943603963	0.00456466284527936	52.900000000000006
121.2520648671566	232.58822322550336	1.2170904917617684	0.004482206574185743	53.0
121.28670879320134	232.6821141544077	1.21753493889016	0.004399765168896227	53.1
121.32131143094206	232.77602048430538	1.2179711368560842	0.004317338234520934	53.2
121.35587352266518	232.86994184241132	1.2183990867432644	0.004234925362835523	53.300000000000004
121.39039581065711	232.96387785594027	1.2188187896077516	0.0041525261325334245	53.400000000000006
121.42487903720422	233.0578281521071	1.2192302464770584	0.004070140109477374	53.5
121.4593239445929	233.15179235812673	1.2196334583493103	0.0039877668469502124	53.6
121.49373127510952	233.245770101214	1.2200284261924128	0.0039054058859050466	53.7
121.52810177104051	233.33976100858368	1.220415150943236	0.0038230567552146716	53.800000000000004
121.56243617467221	233.4337647074507	1.2207936335068161	0.003740718971920335	53.900000000000006
121.59673522829105	233.52778082502988	1.2211638747555726	0.0036583920414798355	54.0
121.63099967418339	233.62180898853615	1.2215258755285434	0.0035760754580149373	54.1
121.66523025463562	233.71584882518422	1.2218796366306353	0.0034937687045581713	54.2
121.69942771193413	233.80989996218906	1.2222251588318929	0.0034114712532989583	54.300000000000004
121.73359278836533	233.90396202676553	1.2225624428667805	0.003329182565829128	54.400000000000006
121.76772622621557	233.99803464612836	1.2228914894334855	0.003246902093387804	54.5
121.80182876777128	234.09211744749254	1.2232122991932337	0.0031646292771056834	54.6
121.83590115531881	234.18621005807287	1.223524872769624	0.00308236354824876	54.7
121.86994413114458	234.2803121050842	1.2238292107479771	0.0030001043284614243	54.800000000000004
121.90395843753494	234.37442321574136	1.2241253136747041	0.002917851030009031	54.900000000000006
121.9379448167763	234.46854301725924	1.2244131820566875	0.002835603056019909	55.0
121.97190401115503	234.56267113685266	1.2246928163606803	0.0027533598007268238	55.1
122.00583676295757	234.65680720173654	1.2249642170127228	0.0026711206497079835	55.2
122.03974381447027	234.75095083912566	1.225227384397573	0.0025888849801274662	55.300000000000004
122.07362590797949	234.84510167623492	1.2254823188581547	0.0025066521609752273	55.400000000000006
122.10748378577168	234.93925934027914	1.2257290206950222	0.0024244215533066296	55.5
122.14131819013316	235.03342345847315	1.22596749016584	0.0023421925104814877	55.6
122.17512986335039	235.1275936580319	1.2261977274848794	0.0022599643784027706	55.7
122.20891954770971	235.22176956617014	1.2264197328225315	0.0021777364957548165	55.800000000000004
122.24268798549751	235.3159508101028	1.2266335063048353	0.002095508194241203	55.900000000000006
122.27643591900019	235.4101370170447	1.2268390480130225	0.0020132787988222556	56.0
122.31016409050414	235.50432781421068	1.2270363579830796	0.0019310476279521633	56.1
122.34387324229574	235.59852282881562	1.2272254362053236	0.0018488139938158473	56.2
122.37756411666139	235.69272168807439	1.227406282623995	0.0017665772025654562	56.300000000000004
122.41123745588744	235.7869240192018	1.227578897136868	0.0016843365545566181	56.400000000000006
122.44489400226033	235.88112944941267	1.2277432795948742	0.0016020913445844189	56.5
122.47853449806642	235.97533760592194	1.2278994298017447	0.001519840862119134	56.6
122.5121596855921	236.06954811594443	1.2280473475136664	0.0014375843915417968	56.7
122.54577030712375	236.16376060669495	1.2281870324389559	0.0013553212123795068	56.800000000000004
122.57936710494779	236.25797470538842	1.2283184842377473	0.0012730505995406237	56.900000000000006
122.61295082135057	236.35219003923964	1.2284417025216983	0.0011907718235497945	57.0
122.64652219861848	236.44640623546348	1.2285566868537101	0.0011084841507828483	57.1
122.68008197903795	236.54062292127486	1.2286634367476654	0.0010261868437016527	57.2
122.71363090489531	236.63483972388855	1.22876195166818	0.0009438791610888312	57.300000000000004
122.747169718477	236.72905627051944	1.2288522310303727	0.0008615603582824835	57.400000000000006
122.78069916206938	236.82327218838233	1.2289342741996485	0.0007792296874108631	57.5
122.81421997795883	236.91748710469216	1.229008080491501	0.0006968863976270512	57.6
122.84773290843178	237.0117006466637	1.2290736491713268	0.0006145297353437125	57.7
122.88123869577456	237.10591244151186	1.2291309794542602	0.0005321589444678402	57.800000000000004
122.91473803106052	237.20012214815796	1.229182542530565	0.0005189694291583924	57.900000000000006
122.94823110279276	237.2943297366692	1.2292351534210457	0.0005334140586501089	58.0
122.98171781446459	237.38853535356492	1.2292892064225507	0.0005478592883261135	58.1
123.01519806630688	237.48273914738436	1.229344701532219	0.0005623049790808064	58.2
123.04867175855053	237.57694126666675	1.2294016387379152	0.0005767509917156275	58.300000000000004
123.08213879142637	237.67114185995118	1.2294600180182256	0.0005911971869406571	58.400000000000006
123.1155990651653	237.7653410757769	1.2295198393424507	0.0006056434253762218	58.5
123.14905247999816	237.85953906268304	1.229581102670603	0.0006200895675545097	58.6
123.18249893615581	237.95373596920894	1.2296438079533998	0.0006345354739211826	58.7
123.21593833386918	238.04793194389364	1.2297079551322596	0.0006489810048369999	58.800000000000004
123.24937057336909	238.14212713527644	1.2297735441392972	0.0006634260205794477	58.900000000000006
123.28279555488642	238.23632169189642	1.2298405748973178	0.0006778703813443687	59.0
123.31621317865202	238.3305157622929	1.2299090473198142	0.0006923139472476041	59.1
123.3496233448968	238.42470949500498	1.2299789613109608	0.0007067565783266316	59.2
123.3830259538516	238.5189030385719	1.2300503167656092	0.0007211981345422178	59.300000000000004
123.41642090574727	238.61309654153283	1.2301231135692838	0.0007356384757800709	59.400000000000006
123.44980810081472	238.7072901524269	1.2301973515981781	0.0007500774618525004	59.5
123.4831874392848	238.80148401979343	1.2302730307191492	0.000764514952500085	59.6
123.5165588213884	238.8956782921716	1.2303501507897139	0.0007789508073933379	59.7
123.54992214735636	238.9898731181005	1.2304287116580446	0.000793384886134387	59.800000000000004
123.58327731741956	239.0840686461194	1.2305087131629646	0.0008078170482586561	59.900000000000006
123.61662423180884	239.17826502476746	1.2305901551339453	0.0008222471532365515	60.0
123.64996279075513	239.27246240258387	1.2306730373911	0.0008366750604751587	60.1
123.68329289448926	239.36666092810788	1.2307573597451817	0.0008511006293199363	60.2
123.7166144432421	239.4608607498786	1.2308431219975786	0.000865523719056425	60.300000000000004
123.74992733724451	239.55506201643527	1.2309303239403095	0.000879944188911957	60.400000000000006
123.7832314767274	239.6492648763171	1.231018965356021	0.0008943618980573716	60.5
123.8165267619216	239.74346947806322	1.2311090460179834	0.0009087767056087424	60.6
123.84981309305797	239.8376759702129	1.2312005656900866	0.0009231884706290994	60.7
123.88309037036743	239.93188450130526	1.2312935241268372	0.0009375970521301679	60.800000000000004
123.91635849408081	240.02609521987955	1.2313879210733538	0.0009520023090741086	60.900000000000006
123.94961736442897	240.1203082744749	1.231483756265365	0.0009664041003752615	61.0
123.98286688164282	240.2145238136306	1.231581029429205	0.0009808022849019057	61.1
124.01610694595318	240.30874198588572	1.2316797402818103	0.000995196721478009	61.2
124.04933745759097	240.40296293977957	1.2317798885307165	0.001009587268885	61.300000000000004
124.08255831678701	240.49718682385125	1.2318814738740547	0.001023973785863537	61.400000000000006
124.11576942377219	240.59141378664	1.2319844960005495	0.0010383561311152853	61.5
124.1489706787774	240.68564397668501	1.2320889545895148	0.0010527341633047044	61.6
124.18216198203348	240.77987754252547	1.232194849310851	0.0010671077410608339	61.7
124.21534323377129	240.8741146327006	1.232302179825042	0.0010814767229790918	61.800000000000004
124.24851433422174	240.96835539574948	1.2324109457831525	0.0010958409676230785	61.900000000000006
124.28167518361568	241.06259998021144	1.2325211468268253	0.0011102003335263847	62.0
124.31482568218398	241.15684853462562	1.2326327825882781	0.0011245546791944115	62.1
124.34796573015748	241.25110120753124	1.2327458526903012	0.0011389038631061863	62.2
124.38109522776709	241.34535814746744	1.2328603567462544	0.0011532477437161965	62.300000000000004
124.41421407524365	241.4396195029734	1.2329762943600653	0.001167586179456224	62.400000000000006
124.44732217281803	241.53388542258836	1.2330936651262256	0.0011819190287371847	62.5
124.48041942072113	241.62815605485153	1.2332124686297903	0.0011962461499509846	62.6
124.5135057191838	241.72243154830204	1.2333327044463733	0.0012105674014723656	62.7
124.5465809684369	241.81671205147913	1.2334543721421474	0.0012248826416607747	62.800000000000004
124.5796450687113	241.91099771292198	1.2335774712738403	0.0012391917288622272	62.900000000000006
124.61269792023788	242.0052886811698	1.2337020013887336	0.0012534945214111883	63.0
124.6457394232475	242.09958510476173	1.2338279620246597	0.001267790877632452	63.1
124.67876947797104	242.19388713223702	1.2339553527100013	0.001282080655843029	63.2
124.71178798463936	242.28819491213483	1.234084172963688	0.0012963637143540447	63.300000000000004
124.74479484348333	242.38250859299433	1.2342144222951952	0.0013106399114726401	63.400000000000006
124.77778995473382	242.47682832335482	1.2343461002045426	0.0013249091055038827	63.5
124.81077321862168	242.57115425175536	1.234479206182292	0.0013391711547526852	63.6
124.84374453537782	242.6654865267352	1.234613739709546	0.0013534259175257217	63.7
124.87670380523306	242.75982529683355	1.2347497002579464	0.0013676732521333656	63.800000000000004
124.90965092841833	242.85417071058959	1.2348870872896727	0.0013819130168916214	63.900000000000006
124.94258580516444	242.94852291654252	1.2350259002574402	0.0013961450701240722	64.0
124.97550833570232	243.04288206323147	1.2351661386045005	0.0014103692701638313	64.10000000000001
125.00841842026276	243.1372482991957	1.2353078017646377	0.001424585475355494	64.2
125.04131595907667	243.23162177297442	1.23545088916217	0.0014387935440571121	64.3
125.07420085237493	243.3260026331068	1.235595400211946	0.0014529933346421617	64.4
125.10707300038841	243.420391028132	1.2357413343193457	0.0014671847055015158	64.5
125.13993230334796	243.5147871065892	1.2358886908802786	0.0014813675150454465	64.60000000000001
125.17277866148446	243.60919101701765	1.2360374692811835	0.0014955416217056006	64.7
125.20561197502876	243.7036029079565	1.2361876688990268	0.0015097068839370147	64.8
125.23843214421176	243.798022927945	1.236339289101303	0.0015238631602201157	64.9
125.27123906926431	243.8924512255223	1.2364923292460335	0.0015380103090627333	65.0
125.30403265041727	243.9868879492276	1.236646788681766	0.0015521481890021314	65.10000000000001
125.33681278790152	244.08133324760004	1.2368026667475744	0.001566276658607025	65.2
125.36957938194793	244.17578726917893	1.2369599627730583	0.0015803955764796282	65.3
125.4023323327874	244.27025016250337	1.2371186760783426	0.0015945048012576929	65.4
125.43507154065072	244.36472207611257	1.2372788059740778	0.001608604191616553	65.5
125.46779690576885	244.45920315854573	1.2374403517614396	0.0016226936062711966	65.60000000000001
125.50050832837259	244.55369355834202	1.2376033127321286	0.0016367729039783153	65.7
125.53320570869283	244.6481934240407	1.2377676881683715	0.001650841943538391	65.8
125.56588894696047	244.7427029041809	1.2379334773429194	0.0016649005837977666	65.9
125.59855794340632	244.83722214730182	1.2381006795190497	0.0016789486836507334	66.0
125.6312125982613	244.9317513019427	1.2382692939505664	0.0016929861020416302	66.10000000000001
125.66385281175626	245.0262905166427	1.2384393198817993	0.001707012697966937	66.2
125.69647848412205	245.12083993994096	1.2386107565476057	0.0017210283304773934	66.3
125.72908951558958	245.21539972037675	1.2387836031733699	0.0017350328586801084	66.4
125.76168580638969	245.3099700064892	1.2389578589750052	0.0017490261417406772	66.5
125.79426725675326	245.40455094681758	1.239133523158954	0.0017630080388853304	66.60000000000001
125.82683376691114	245.49914268990102	1.2393105949221885	0.001776978409403048	66.7
125.85938523709422	245.59374538427875	1.2394890734522117	0.0017909371126477245	66.8
125.89192156753336	245.68835917848992	1.239668957927059	0.001804884008040311	66.9
125.92444265845943	245.78298422107375	1.2398502475152988	0.0018188189550709722	67.0
125.95694841010331	245.87762066056945	1.2400329413760336	0.001832741813301264	67.10000000000001
125.98943872269584	245.97226864551618	1.240217038658902	0.0018466524423662923	67.2
126.02191349646792	246.06692832445316	1.2404025385040798	0.00186055070197691	67.3
126.0543726316504	246.16159984591957	1.2405894400422808	0.0018744364519218957	67.4
126.08681602847417	246.25628335845457	1.24077774239476	0.001888309552070146	67.5
126.11924358717008	246.35097901059743	1.2409674446733137	0.001902169862372893	67.60000000000001
126.151655207969	246.44568695088728	1.2411585459802819	0.0019160172428658946	67.7
126.18405079110177	246.5404073278633	1.2413510454085503	0.001929851553671671	67.8
126.21643023679933	246.63514029006475	1.241544942041553	0.0019436726550017165	67.9
126.2487934452925	246.72988598603075	1.241740234953272	0.0019574804071587314	68.0
126.28114031681217	246.82464456430054	1.2419369232082433	0.0019712746705388717	68.10000000000001
126.31347075158918	246.91941617341328	1.2421350058615555	0.0019850553056339785	68.2
126.34578464985444	247.01420096190822	1.2423344819588538	0.0019988221730338463	68.3
126.37808191183878	247.1089990783245	1.2425353505363432	0.0020125751334284774	68.4
126.41036243777306	247.20381067120132	1.2427376106207897	0.00202631404761034	68.5
126.4426261278882	247.2986358890779	1.2429412612295232	0.0020400387764766626	68.60000000000001
126.47487288241504	247.39347488049341	1.243146301370441	0.0020537491810316932	68.7
126.50710260158445	247.488327793987	1.2433527300420095	0.002067445122389004	68.8
126.5393151856273	247.58319477809795	1.2435605462332693	0.0020811264617737837	68.9
126.57151053477445	247.67807598136542	1.2437697489238353	0.0020947930605251294	69.0
126.60368854925679	247.77297155232858	1.2439803370839022	0.00210844478009837	69.10000000000001
126.63584912930517	247.86788163952667	1.2441923096742462	0.0021220814820673752	69.2
126.66799217515047	247.96280639149876	1.2444056656462303	0.0021357030281268785	69.3
126.70011758702356	248.0577459567842	1.2446204039418056	0.002149309280094814	69.4
126.7322252651553	248.1527004839221	1.2448365234935164	0.002162900099914642	69.5
126.76431510977656	248.2476701214517	1.2450540232245026	0.002176475349657706	69.60000000000001
126.79638702111819	248.3426550179121	1.2452729020485052	0.002190034891525571	69.7
126.82844089941109	248.43765532184258	1.2454931588698683	0.0022035785878523903	69.8
126.86047664488615	248.53267118178232	1.2457147925835448	0.002217106301107273	69.9
126.89249415545827	248.62770274581297	1.245938020204058	0.002246100938897292	70.0
126.92449311884683	248.72275012049096	1.2461667202554771	0.0023147041066848713	70.10000000000001
126.9564728476448	248.81781333826459	1.246402320736663	0.00238329569090417	70.2
126.98843261563239	248.91289242391446	1.246644821275688	0.002451876910074235	70.3
127.02037169658992	249.0079874022212	1.2468942215818433	0.0025204489766302756	70.4
127.05228936429756	249.10309829796543	1.2471505214452496	0.0025890130968295256	70.5
127.0841848925356	249.19822513592774	1.2474137207364626	0.002657570470656635	70.60000000000001
127.11605755508425	249.29336794088874	1.2476838194060693	0.002726122291728335	70.7
127.14790662572378	249.38852673762912	1.2479608174842796	0.0027946697471976315	70.8
127.17973137823441	249.4837015509294	1.248244715080506	0.0028632140176572487	70.9
127.2115310863964	249.5788924055703	1.2485355123829425	0.002931756277042438	71.0
127.24330502399	249.67409932633234	1.2488332096581283	0.0030002976925331743	71.10000000000001
127.27505246479545	249.7693223379962	1.2491378072505115	0.00306883942445552	71.2
127.30677268259298	249.86456146534246	1.2494493055819997	0.003137382626182386	71.3
127.33846495116286	249.9598167331518	1.2497677051515061	0.0032059284440334635	71.4
127.37012854428531	250.0550881662048	1.2500930065344866	0.0032744780171743678	71.5
127.4017627357406	250.150375789282	1.2504252103824705	0.0033430324775150853	71.60000000000001
127.43336679930894	250.24567962716412	1.2507643174225818	0.0034115929496074653	71.7
127.4649400087706	250.34099970463177	1.2511103284570546	0.0034801605505420104	71.8
127.49648163790582	250.4363360464655	1.2514632443627396	0.0035487363898437066	71.9
127.52799096049483	250.531688677446	1.251823066090603	0.0036173215693669877	72.0
127.55946725031791	250.62705762235382	1.2521897946652178	0.0036859171831898742	72.10000000000001
127.59090978115525	250.72244290596964	1.2525634311842468	0.0037545243175070545	72.2
127.62231782678712	250.81784455307408	1.2529439768179185	0.0038231440505221686	72.3
127.6536906609938	250.9132625884477	1.2533314328084932	0.0038917774523390294	72.4
127.68502755755547	251.00869703687115	1.2537258004697234	0.003960425584851859	72.5
127.71632779025242	251.10414792312505	1.254127081186304	0.00402908950163462	72.60000000000001
127.74759063286488	251.19961527199	1.2545352764133155	0.004097770247829175	72.7
127.77881535917311	251.29509910824663	1.2549503876756591	0.00416646886003256	72.8
127.81000124295733	251.39059945667555	1.2553724165674822	0.004235186366183088	72.9
127.84114755799779	251.4861163420574	1.2558013647515973	0.004303923785445374	73.0
127.87225357807473	251.58164978917276	1.256237233958891	0.004372682128094372	73.10000000000001
127.90331857696842	251.67719982280227	1.2566800259877249	0.004441462395398135	73.2
127.93434182845907	251.77276646772654	1.25712974270333	0.004510265579499587	73.3
127.96532260632695	251.86834974872625	1.2575863860371885	0.004579092663297064	73.4
127.99626018435228	251.96394969058193	1.2580499579864106	0.004647944620323657	73.5
128.02715383631534	252.05956631807416	1.2585204606131004	0.004716822414625494	73.60000000000001
128.05800283599635	252.1551996559837	1.2589978960437147	0.0047857270006386515	73.7
128.08880645717556	252.25084972909107	1.2594822664684113	0.004854659323065008	73.8
128.1195639736332	252.3465165621769	1.25997357414039	0.004923620316746745	73.9
128.15027465914952	252.4422001800218	1.260471821375222	0.004992610906539632	74.0
128.18093778750477	252.5379006074064	1.2609770105501745	0.00506163200718509	74.10000000000001
128.2115526324792	252.63361786911136	1.2614891441035216	0.005130684523180865	74.2
128.24211846785306	252.72935198991723	1.2620082245338495	0.005199769348650552	74.3
128.27263456740658	252.82510299460472	1.2625342543993505	0.005268887367211669	74.4
128.30310020492	252.9208709079543	1.2630672363171078	0.005338039451842454	74.5
128.3335146541736	253.01665575474672	1.2636071729623723	0.005407226464747383	74.60000000000001
128.36387718894753	253.1124575597625	1.2641540670678282	0.005476449257221214	74.7
128.39418708302216	253.20827634778237	1.26470792142285	0.005545708669511783	74.8
128.42444361017766	253.30411214358682	1.26526873887275	0.005615005530681337	74.9
128.45464604419428	253.39996497195656	1.2658365223180148	0.005684340658466483	75.0
128.48479365885228	253.49583485767215	1.266411274713535	0.005753714859136813	75.10000000000001
128.5148857279319	253.59172182551427	1.26699299906782	0.005823128927351976	75.2
128.54492152521334	253.68762590026347	1.267581698442209	0.005892583646017458	75.3
128.5749003244769	253.78354710670044	1.268177375950067	0.005962079786138849	75.4
128.60482139950287	253.87948546960573	1.2687800347559728	0.0060316181066746325	75.5
128.6346840240714	253.97544101375996	1.2693896780748977	0.0061011993543876215	75.60000000000001
128.66448747196276	254.0714137639438	1.270006309171371	0.006170824263694804	75.7
128.69423101695716	254.16740374493784	1.2706299313586393	0.006240493556515823	75.8
128.72391393283493	254.2634109815227	1.2712605479978116	0.0063102079421198795	75.9
128.7535354933763	254.35943549847897	1.2718981624969956	0.006379968116971166	76.0
128.78309497236145	254.45547732058728	1.2725427783104242	0.00644977476457287	76.10000000000001
128.81259164357067	254.55153647262827	1.273194398937569	0.006519628555309516	76.2
128.84202478078421	254.64761297938256	1.2738530279222458	0.00658953014628796	76.3
128.87139365778228	254.74370686563074	1.2745186688517076	0.006659480181176763	76.4
128.9006975483451	254.83981815615346	1.2751913253557265	0.006729479290044001	76.5
128.929935726253	254.93594687573128	1.2758710011056658	0.006799528089193683	76.60000000000001
128.9591074652862	255.03209304914486	1.27655769981354	0.006869627181000464	76.7
128.9882120392249	255.12825670117482	1.2772514252310643	0.006939777153742965	76.80000000000001
129.01724872184937	255.22443785660178	1.2779521811486931	0.007009978581435408	76.9
129.04621678693982	255.32063654020632	1.2786599713946456	0.007080232023657831	77.0
129.07511550827655	255.41685277676908	1.2793747998339215	0.007150538025384673	77.10000000000001
129.1039441596398	255.51308659107073	1.2800966703673056	0.00722089711681179	77.2
129.13270201480984	255.6093380078918	1.280825586930359	0.007291309813182021	77.30000000000001
129.1613883475668	255.70560705201297	1.2815615534924	0.007361776614609063	77.4
129.190002431691	255.80189374821478	1.2823045740554728	0.007432298005899925	77.5
129.2185435409627	255.89819812127794	1.283054652653305	0.007502874456375733	77.60000000000001
129.2470109491621	255.994520195983	1.2838117933502524	0.0075735064196909745	77.7
129.2754039300695	256.09085999711067	1.2845760002402313	0.007644194333651342	77.80000000000001
129.3037217574651	256.1872175494414	1.285347277445641	0.007714938620029801	77.9
129.33196370512917	256.28359287775595	1.2861256291162708	0.007785739684381327	78.0
129.3601290468419	256.37998600683494	1.2869110594281987	0.007856597915855992	78.10000000000001
129.38821705638358	256.47639696145893	1.2877035725826738	0.007927513687010493	78.2
129.41622700753447	256.5728257664085	1.2885031728049894	0.007998487353618291	78.30000000000001
129.44415817407477	256.6692724464644	1.289309864343341	0.00806951925447804	78.4
129.4720098297848	256.76573702640707	1.2901236514676742	0.008140609711220683	78.5
129.49978124844472	256.8622195310173	1.290944538468519	0.00821175902811494	78.60000000000001
129.5274717038348	256.95871998507556	1.29177252965581	0.008282967491871292	78.7
129.5550804697353	257.0552384133626	1.2926076293576956	0.008354235371444568	78.80000000000001
129.5826068199264	257.15177484065896	1.293449841919333	0.008425562917834936	78.9
129.61005002818845	257.2483292917452	1.2942991717016725	0.008496950363887564	79.0
129.63740936830163	257.3449017914021	1.2951556230802252	0.008568397924090735	79.10000000000001
129.66468411404622	257.4414923644101	1.2960192004438202	0.00863990579437253	79.2
129.69187353920245	257.53810103555	1.2968899081933478	0.008711474151896163	79.30000000000001
129.7189769175505	257.6347278296023	1.2977677507404892	0.008783103154853813	79.4
129.7459935228707	257.73137277134765	1.2986527325064336	0.00885479294225916	79.5
129.77292262894326	257.82803588556663	1.299544857920581	0.008926543633738477	79.60000000000001
129.79976350954843	257.9247171970398	1.300444131419231	0.008998355329320374	79.7
129.82651543846646	258.02141673054797	1.3013505574442603	0.009070228109224285	79.80000000000001
129.85317768947758	258.1181345108716	1.3022641404417838	0.009142162033647502	79.9
129.87974953636203	258.2148705627914	1.3031848848608036	0.00921415714255108	80.0
129.90623025290006	258.3116249110879	1.3041127951518443	0.009286213455444333	80.10000000000001
129.93261911287195	258.40839758054176	1.3050478757655728	0.009358330971168144	80.2
129.95891539005788	258.5051885959336	1.3059901311514066	0.009430509667677098	80.30000000000001
129.98511835823817	258.60199798204405	1.3069395657561056	0.00950274950182029	80.4
130.011227291193	258.6988257636537	1.3078961840223515	0.009575050409121119	80.5
130.03724146270258	258.7956719655432	1.3088599903873133	0.009647412303555836	80.60000000000001
130.0631601465473	258.8925366124931	1.3098309892811963	0.009719835077330983	80.7
130.08898261650728	258.9894197292841	1.3108091851257806	0.009792318600659865	80.80000000000001
130.11470814636277	259.0863213406968	1.3117945823329407	0.00986486272153778	80.9
130.14033600989413	259.1832414715118	1.3127871853031552	0.009937467265516446	81.0
130.16586548088142	259.2801801465097	1.3137869984239994	0.010010132035477307	81.10000000000001
130.19129583310502	259.3771373904711	1.314794026068623	0.010082856811403888	81.2
130.21662634034513	259.47411322817663	1.315808272594217	0.01015564135015338	81.30000000000001
130.24185627638204	259.57110768440697	1.3168297423404605	0.010228485385227165	81.4
130.2669849149959	259.66812078394275	1.317858439627958	0.010301388626540675	81.5
130.29201152996703	259.7651525515644	1.318894368756659	0.010374350760192396	81.60000000000001
130.31693539507566	259.86220301205276	1.3199375340042632	0.010447371448232054	81.7
130.34175578410202	259.9592721901884	1.320987939624613	0.010520450328428266	81.80000000000001
130.36647197082635	260.0563601107518	1.3220455898460681	0.010593587014035342	81.9
130.3910832290289	260.15346679852377	1.3231104888698688	0.01066678109355965	82.0
130.41558883248996	260.2505922782847	1.3241826408684811	0.010740032130525299	82.10000000000001
130.4399880549897	260.3477365748154	1.325262049983929	0.010813339663239312	82.2
130.46428017030843	260.4448997128964	1.3263487203261115	0.010886703204556465	82.30000000000001
130.4884644522263	260.5420817173084	1.3274426559711046	0.010960122241643503	82.4
130.51254017452368	260.63928261283195	1.3285438609594482	0.011033596235743242	82.5
130.53650661098072	260.73650242424765	1.3296523392944182	0.011107124621938169	82.60000000000001
130.56036303537772	260.8337411763361	1.3307680949402834	0.011180706808913862	82.7
130.5841087214949	260.93099889387804	1.3318911318205484	0.011254342178722324	82.80000000000001
130.6077429431125	261.02827560165395	1.3330214538161795	0.011328030086545033	82.9
130.63126497401072	261.1255713244445	1.3341590647638182	0.011401769860456035	83.0
130.6546740879699	261.2228860870304	1.3353039684539776	0.011475560801185036	83.10000000000001
130.67796955877023	261.3202199141921	1.336456168629224	0.011549402181880473	83.2
130.70115066019196	261.4175728307103	1.3376156689823462	0.01162329324787284	83.30000000000001
130.72421666601534	261.5149448613656	1.338782473154505	0.011697233216438105	83.4
130.74716685002056	261.6123360309387	1.339956584733372	0.011771221276561477	83.5
130.77000048598796	261.7097463642101	1.3411380072512527	0.011845256588701503	83.60000000000001
130.79271684769773	261.8071758859605	1.3423267441831912	0.01191933828455451	83.7
130.81531520893014	261.9046246209704	1.3435227989450658	0.011993465466819663	83.80000000000001
130.83779484346542	262.00209259402055	1.3447261748916632	0.012067637208964484	83.9
130.8601550250838	262.0995798298915	1.345936875314745	0.012141852554991069	84.0
130.88239502756554	262.1970863533639	1.3471549034410928	0.01221611051920305	84.10000000000001
130.90451412469085	262.2946121892184	1.3483802624305419	0.012290410085973298	84.2
130.92651159024	262.3921573622355	1.3496129553740008	0.012364750209512627	84.30000000000001
130.94838669799327	262.4897218971959	1.3508529852914537	0.012439129813639354	84.4
130.97013872173085	262.5873058188802	1.3521003551299509	0.01251354779155005	84.5
130.99176693523304	262.6849091520691	1.3533550677615815	0.01258800300559138	84.60000000000001
131.01327061228	262.782531921543	1.354617125981436	0.012662494287033164	84.7
131.03464902665203	262.88017415208276	1.3558865325055496	0.012737020435842891	84.80000000000001
131.0559014521294	262.97783586846896	1.3571632899688348	0.012811580220461527	84.9
131.07702716249233	263.075517095482	1.3584474009229983	0.012886172377580989	85.0
131.09802543152102	263.1732178579027	1.359738867834444	0.012960795611923192	85.10000000000001
131.11889553299582	263.2709381805116	1.3610376930821602	0.013035448596020767	85.2
131.13963674069683	263.36867808808944	1.3623438789555966	0.013110129969999766	85.30000000000001
131.16024832840438	263.4664376054167	1.3636574276525237	0.01318483834136416	85.4
131.18072956989874	263.564216757274	1.36497834127688	0.013259572284782464	85.5
131.2010797389601	263.66201556844203	1.3663066218366058	0.013334330341876501	85.60000000000001
131.22129810936872	263.7598340637013	1.3676422712414618	0.013409111021012386	85.7
131.24138395490485	263.8576722678326	1.368985291300837	0.013483912797093975	85.80000000000001
131.2613365493487	263.95553020561636	1.3703356837215401	0.013558734111358672	85.9
131.2811551664806	264.05340790183334	1.3716934501055809	0.013633573371175989	86.0
131.30083908008072	264.151305381264	1.3730585919479348	0.013708428949848722	86.10000000000001
131.32038756392933	264.2492226686892	1.3744311106342988	0.01378329918641694	86.2
131.33979989180665	264.34715978888937	1.3758110074388314	0.01385818238546507	86.30000000000001
131.35907533749295	264.4451167666452	1.377198283521881	0.013933076816931903	86.4
131.37821317476846	264.5430936267372	1.3785929399277028	0.014007980715923936	86.5
131.39721267741345	264.6410903939461	1.3799949775821616	0.01408289228253197	86.60000000000001
131.41607311920814	264.7391070930525	1.3814043972904237	0.014157809681651128	86.7
131.43479377393277	264.837143748837	1.3828211997346378	0.014232731042804645	86.80000000000001
131.4533739153676	264.9352003860803	1.384245385471601	0.014307654459971089	86.9
131.47181281729286	265.0332770295627	1.385676954930418	0.014382577991415728	87.0
131.4901097534888	265.1313737040653	1.3871159084101443	0.014457499659525684	87.10000000000001
131.50826399773567	265.2294904343683	1.3885622460774212	0.014532417450649258	87.2
131.52627482381374	265.32762724525264	1.3900159679641	0.014607329314939582	87.30000000000001
131.54414150550318	265.42578416149865	1.3914770739648534	0.014682233166202548	87.4
131.5618633165843	265.5239612078872	1.392945563834779	0.014757126881749412	87.5
131.57943953083733	265.62215840919873	1.394421437186991	0.014832008302253976	87.60000000000001
131.5968694220425	265.72037579021395	1.3959046934902022	0.014906875231614597	87.7
131.61415226398006	265.8186133757134	1.397395332066298	0.014981725436821297	87.80000000000001
131.63128733043027	265.91687119047776	1.3988933520878981	0.015056556647827762	87.9
131.64827389517333	266.0151492592877	1.4003987525759118	0.01513136655742886	88.0
131.66511123198956	266.1134476069236	1.401911532397084	0.0152061528211434	88.10000000000001
131.68179861465913	266.21176625816645	1.4034316902615298	0.015280913057102467	88.2
131.6983353169623	266.3101052377965	1.4049592247202656	0.015355644845943608	88.30000000000001
131.71472061267934	266.4084645705946	1.4064941341627284	0.015430345730710712	88.4
131.7309537755905	266.5068442813413	1.4080364168142896	0.015505013216760058	88.5
131.74703407947598	266.6052443948172	1.409586070733761	0.015579644771672481	88.60000000000001
131.76296079811607	266.703664935803	1.4111430938108926	0.01565423782517183	88.7
131.778733205291	266.8021059290791	1.4127074837638665	0.015728789769050074	88.80000000000001
131.79435057478096	266.9005673994264	1.4142792381367808	0.015803297957098842	88.9
131.80981218036632	266.9990493716253	1.4158583542971321	0.015877759705048025	89.0
131.8251172958272	267.0975518704566	1.4174448294332886	0.015952172290511143	89.10000000000001
131.8402651949439	267.19607492070065	1.4190386605519592	0.01602653295293794	89.2
131.85525515149664	267.29461854713844	1.420639844475659	0.016100838893574332	89.30000000000001
131.8700864392657	267.3931827745502	1.4222483778401687	0.016175087275429652	89.4
131.88475833203128	267.49176762771685	1.4238642570919915	0.016249275223251723	89.5
131.89927010357366	267.59037313141886	1.4254874784858054	0.01632339982350957	89.60000000000001
131.91362102767312	267.6889993104368	1.4271180380819115	0.016397458124384104	89.7
131.9278103781098	267.7876461895515	1.4287559317436827	0.01647144713576703	89.80000000000001
131.941837428664	267.8863137935433	1.4304011551350058	0.01654536382926785	89.9
131.95570145311598	267.9850021471931	1.4320537037177254	0.016619205138229527	90.0
131.96940172524597	268.08371127528125	1.4337135727490853	0.016692967957752616	90.10000000000001
131.9829375188342	268.18244120258856	1.4353807572791655	0.016766649144728155	90.2
131.99630810766095	268.28119195389553	1.4370552521483262	0.01684024551787966	90.30000000000001
132.00951276550643	268.37996355398286	1.4387370519846432	0.01691375385781403	90.4
132.0225507661509	268.4787560276311	1.44042615120135	0.01698717090708189	90.5
132.03542138337463	268.5775693996209	1.4421225439942797	0.017060493370247273	90.60000000000001
132.0481238909578	268.6764036947329	1.4438262243393043	0.017133717913966902	90.7
132.06065756328064	268.77525893769473	1.4455370410329864	0.01718356726160922	90.80000000000001
132.07302210961618	268.8741351147812	1.4472436817131205	0.017070381226788875	90.9
132.08521844070975	268.973032106035	1.4489390350662148	0.016957046241830285	91.0
132.0972476730451	269.0719497733078	1.4506230913924798	0.016843568165270745	91.10000000000001
132.10911092310587	269.1708879784509	1.4522958413782199	0.016729952764302926	91.2
132.12080930737568	269.26984658331605	1.4539572760896928	0.016616205714824122	91.30000000000001
132.13234394233834	269.3688254497545	1.4556073869669794	0.016502332601513375	91.4
132.14371594447738	269.46782443961814	1.4572461658178688	0.016388338917935587	91.5
132.15492643027653	269.56684341475824	1.458873604811757	0.016274230066672175	91.60000000000001
132.16597651621947	269.66588223702644	1.4604896964735623	0.01616001135947759	91.7
132.17686731878993	269.76494076827424	1.462094433677659	0.01604568801746082	91.80000000000001
132.18759995447147	269.86401887035305	1.463687809641828	0.015931265171291644	91.9
132.1981755397478	269.9631164051147	1.4652698179212307	0.015816747861430443	92.0
132.20859519110263	270.0622332344104	1.466840452402402	0.01570214103838149	92.10000000000001
132.2188600250196	270.161369220092	1.4683997072972659	0.015587449562968677	92.2
132.22897115798241	270.26052422401074	1.469947577137178	0.01547267820663317	92.30000000000001
132.2389297064747	270.35969810801834	1.471484056766988	0.015357831651752508	92.4
132.24873678698017	270.4588907339662	1.473009141339134	0.01524291449198018	92.5
132.25839351598248	270.55810196370595	1.4745228263077599	0.01512793123260546	92.60000000000001
132.26790100996527	270.6573316590891	1.4760251074228619	0.015012886290932717	92.7
132.27726038541226	270.7565796819671	1.477515980724466	0.014897783996679343	92.80000000000001
132.2864727588071	270.85584589419165	1.4789954425368337	0.01478262859239231	92.9
132.2955392466335	270.9551301576141	1.4804634894627011	0.01466742423388207	93.0
132.30446096537509	271.0544323340862	1.4819201183775477	0.014552174990673713	93.10000000000001
132.31323903151554	271.15375228545923	1.4833653264238995	0.014436884846474724	93.2
132.32187456153852	271.2530898735849	1.484799111005667	0.014321557699658413	93.30000000000001
132.33036867192774	271.35244496031464	1.486221469782516	0.01420619736376307	93.4
132.33872247916688	271.4518174075	1.4876324006642752	0.014090807568005681	93.5
132.3469370997395	271.55120707699257	1.4890319018053797	0.01397539195781009	93.60000000000001
132.35501365012945	271.65061383064386	1.4904199715993518	0.01385995409534894	93.7
132.36295324682027	271.7500375303054	1.4917966086733194	0.013744497460098681	93.80000000000001
132.37075700629566	271.8494780378286	1.4931618118825725	0.013629025449407531	93.9
132.37842604503936	271.9489352150652	1.4945155803051595	0.013513541379075391	94.0
132.38596147953493	272.0484089238666	1.4958579132365233	0.013398048483945638	94.10000000000001
132.39336442626612	272.1478990260844	1.4971888101841768	0.013282549918508127	94.2
132.4006360017166	272.2474053835701	1.49850827086242	0.013167048757512744	94.30000000000001
132.40777732237	272.34692785817515	1.4998162951870992	0.013051547996593464	94.4
132.41478950471006	272.4464663117513	1.5011128832704068	0.012936050552901951	94.5
132.42167366522034	272.5460206061498	1.5023980354157251	0.012820559265750627	94.60000000000001
132.42843092038464	272.6455906032224	1.5036717521125122	0.012705076897264678	94.7
132.43506238668655	272.7451761648205	1.5049340340312314	0.012589606133042266	94.80000000000001
132.44156918060978	272.84477715279576	1.506184882018325	0.012474149582823052	94.9
132.447952418638	272.9443934289996	1.5074242970912322	0.01235870978116404	95.0
132.45421321725485	273.0440248552836	1.5086522804334523	0.012243289188122777	95.10000000000001
132.46035269294404	273.1436712934993	1.509868833389651	0.012127890189947324	95.2
132.46637196218919	273.24333260549815	1.5110739574608154	0.012012515099772443	95.30000000000001
132.47227214147406	273.3430086531319	1.5122676542994509	0.01189716615832206	95.4
132.47805434728227	273.4426992982518	1.513449925704828	0.011781845534617063	95.5
132.48371969609747	273.54240440270956	1.5146207736182733	0.01166655532668856	95.60000000000001
132.48926930440342	273.6421238283566	1.5157802001185063	0.011551297562296047	95.7
132.49470428868364	273.74185743704453	1.5169282074170272	0.011436074199649903	95.80000000000001
132.50002576542195	273.8416050906249	1.518064797853545	0.011320887128138456	95.9
132.50523485110196	273.9413666509492	1.519189973891461	0.011205738169058588	96.0
132.51033266220736	274.041141979869	1.520303738113393	0.01109062907635013	96.10000000000001
132.51532031522183	274.1409309392357	1.521406093216751	0.010975561537333488	96.2
132.52019892662898	274.2407333909011	1.5224970420093606	0.010860537173450077	96.30000000000001
132.52496961291254	274.34054919671644	1.523576587405132	0.010745557541005623	96.4
132.52963349055614	274.44037821853334	1.5246447324197798	0.010630624131915619	96.5
132.53419167604352	274.54022031820347	1.5257014801665911	0.010515738374453038	96.60000000000001
132.5386452858583	274.64007535757816	1.5267468338522392	0.01040090163399781	96.7
132.5429954364842	274.73994319850914	1.5277807967726487	0.010286115213787828	96.80000000000001
132.54724324440485	274.83982370284775	1.5288033723089085	0.010171380355671339	96.9
132.5513898261039	274.9397167324457	1.529814563923232	0.010056698240860291	97.0
132.55543629806508	275.0396221491544	1.5308143751549683	0.00994206999068462	97.10000000000001
132.55938377677202	275.1395398148254	1.5318028096166598	0.009827496667347115	97.2
132.56323337870845	275.2394695913103	1.532779870990151	0.009712979274678561	97.30000000000001
132.56698622035796	275.3394113404605	1.5337455630227428	0.009598518758893228	97.4
132.5706434182043	275.43936492412774	1.5346998895233994	0.009484116009344104	97.5
132.5742060887311	275.5393302041633	1.5356428543590022	0.009369771859278116	97.60000000000001
132.577675348422	275.639307042419	1.5365744614506498	0.009255487086590786	97.7
132.58105231376075	275.73929530074605	1.5374947147700126	0.009141262414580287	97.80000000000001
132.58433810123097	275.83929484099616	1.5384036183357308	0.009027098512700824	97.9
132.58753382731638	275.9393055250209	1.5393011762098634	0.008912995997314899	98.0
132.5906406085006	276.03932721467174	1.540187392494386	0.008798955432444583	98.10000000000001
132.59365956126732	276.13935977180023	1.5410622713277362	0.00868497733052159	98.2
132.59659180210022	276.2394030582578	1.5419258168814076	0.008571062153135686	98.30000000000001
132.59943844748292	276.3394569358962	1.542778033356593	0.008457210311781874	98.4
132.6022006138992	276.4395212665667	1.543618924980875	0.008343422168605594	98.5
132.60487941783268	276.53959591212106	1.5444484960049658	0.008229698037146313	98.60000000000001
132.60747597576702	276.63968073441066	1.5452667506994937	0.008116038183079148	98.7
132.6099914041859	276.739775595287	1.5460736933518384	0.00800244282495433	98.80000000000001
132.61242681957296	276.8398803566019	1.5468693282630153	0.0078889121349347	98.9
132.61478333841194	276.9399948802066	1.5476536597446051	0.0077754462395307295	99.0
132.61706207718646	277.0401190279527	1.5484266921157337	0.007662045220333392	99.10000000000001
132.6192641523802	277.14025266169176	1.5491884297000975	0.0075487091147445	99.2
132.62139068047688	277.24039564327535	1.549938876823037	0.007435437916704462	99.30000000000001
132.6234427779601	277.34054783455497	1.550678037808659	0.007322231577417588	99.4
132.62542156131357	277.44070909738207	1.5514059169770027	0.007209090006074518	99.5
132.62732814702096	277.54087929360827	1.552122518641256	0.007096013070572064	99.60000000000001
132.62916365156593	277.6410582850851	1.5528278471050165	0.006983000598230237	99.7
132.6309291914322	277.74124593366406	1.5535219066596013	0.0068700523765062435	99.80000000000001
132.63262588310337	277.84144210119666	1.5542047015814004	0.0067571681537057894	99.9
132.6342548430632	277.94164664953456	1.5548762361292792	0.006644347639691237	100.0
132.63581718779525	278.04185944052915	1.5555365145420263	0.006531590506586832	100.10000000000001
132.63731403378333	278.142080336032	1.5561855410358458	0.0064188963894809435	100.2
132.63874649751097	278.2423091978947	1.556823319801899	0.006306264887125064	100.30000000000001
132.64011569546193	278.34254588796864	1.5574498550038878	0.006193695562629892	100.4
132.6414227441199	278.44279026810557	1.5580651507756869	0.006081187944158099	100.5
132.64266875996847	278.54304220015683	1.558669211219019	0.00596874152561407	100.60000000000001
132.6438548594914	278.64330154597405	1.5592620404011779	0.005856355767330518	100.7
132.64498215917226	278.74356816740874	1.5598436423527933	0.0057440300967516985	100.80000000000001
132.64605177549484	278.8438419263124	1.5604140210656434	0.005631763909113739	100.9
132.6470648249427	278.9441226845365	1.5609731804905107	0.0055195565681215	101.0
132.64802242399963	279.0444103039328	1.5615211245350833	0.0054074074066224305	101.10000000000001
132.64892568914922	279.14470464635264	1.5620578570618988	0.005295315727277234	101.2
132.64977573687514	279.2450055736476	1.5625833818863348	0.005183280803227187	101.30000000000001
132.65057368366112	279.3453129476692	1.5630977027746422	0.005071301878758549	101.4
132.65132064599078	279.445626630269	1.5636008234420218	0.004959378169963576	101.5
132.65201774034782	279.54594648329856	1.5640927475507453	0.004847508865398544	101.60000000000001
132.65266608321588	279.6462723686093	1.5645734787083208	0.004735693126738706	101.7
132.6532667910787	279.7466041480529	1.5650430204656993	0.004623930089429954	101.80000000000001
132.65382098041988	279.8469416834807	1.5655013763155268	0.004512218863337702	101.9
132.6543297677231	279.9472848367443	1.565948549690438	0.004400558533392456	102.0
132.6547942694721	280.0476334696954	1.5663845439613933	0.0042889481602326135	102.10000000000001
132.6552156021505	280.1479874441854	1.5668093624360582	0.0041773867808442364	102.2
132.65559488224196	280.24834662206587	1.567223008357227	0.0040658734091978035	102.30000000000001
132.65593322623016	280.3487108651882	1.5676254849012854	0.003954407036882273	102.4
132.6562317505988	280.4490800354041	1.5680167951767188	0.0038429866337361235	102.5
132.65649157183157	280.54945399456506	1.5683969422226613	0.0037316111484757366	102.60000000000001
132.65671380641206	280.64983260452254	1.5687659290074865	0.0036202795093210408	102.7
132.656899570824	280.75021572712814	1.5691237584274405	0.0035089906246183224	102.80000000000001
132.6570499815511	280.85060322423334	1.5694704333053153	0.0033977433834606638	102.9
132.65716615507694	280.9509949576898	1.5698059563891673	0.0032865366563055126	103.0
132.6572492078853	281.05139078934883	1.5701303303510723	0.0031753692955899396	103.10000000000001
132.6573002564597	281.15179058106213	1.5704435577859255	0.0030642401363434233	103.2
132.65732041728398	281.25219419468124	1.5707456412102807	0.0029531479967980826	103.30000000000001
132.6573108068417	281.35260149205754	1.5710365830612316	0.002842091678996801	103.4
132.65727254161658	281.4530123350428	1.5713163856953334	0.002731069969398876	103.5
132.65720673809227	281.5534265854883	1.571585051387565	0.002620081639483594	103.60000000000001
132.65711451275249	281.65384410524575	1.571842582330333	0.0025091254463516966	103.7
132.65699698208087	281.7542647561665	1.5720889806325138	0.00239820013332463	103.80000000000001
132.65685526256107	281.8546884001023	1.5723242483185391	0.0022873044305420347	103.9
132.6566904706768	281.9551148989045	1.5725483873275197	0.002176437055557079	104.0
132.6565037229117	282.05554411442483	1.5727613995124101	0.0020655967139301384	104.10000000000001
132.65629613574947	282.1559759085147	1.5729632866392134	0.0019547820998206786	104.2
132.6560688256738	282.2564101430255	1.5731540503862256	0.0018439918965773088	104.30000000000001
132.65582290916828	282.35684667980905	1.5733336923433214	0.0017332247773264881	104.4
132.65555950271667	282.45728538071666	1.5735022140112773	0.0016224794055594274	104.5
132.6552797228026	282.55772610759993	1.5736596168011372	0.0015117544357177261	104.60000000000001
132.65498468590977	282.65816872231045	1.5738059020336153	0.0014010485137776491	104.7
132.6546755085218	282.7586130866997	1.5739410709385409	0.0012903602778329523	104.80000000000001
132.65435330712242	282.8590590626192	1.5740651246543407	0.001179688358676752	104.9
132.65401919819527	282.9595065119205	1.5741780642275618	0.0010690313803820486	105.0
132.65367429822402	283.05995529645514	1.5742798906124342	0.0009583879608813568	105.10000000000001
132.6533197236924	283.1604052780746	1.5743706046704717	0.0008477567125454446	105.2
132.65295659108395	283.2608563186305	1.5744502071701136	0.0007371362427609871	105.30000000000001
132.6525860168825	283.3613082799743	1.574518698786404	0.0006265251545077602	105.4
132.65220911757163	283.46176102395754	1.5745760801007116	0.0005159220469348646	105.5
132.65182700963507	283.56221441243184	1.5746223516004887	0.00040532551593652424	105.60000000000001
132.65144080955645	283.66266830724857	1.5746575136790686	0.0002947341547274119	105.7
132.65105163381938	283.76312257025944	1.574681566635503	0.0001841465544173576	105.80000000000001
132.65066059890768	283.8635770633158	1.5746945106744374	7.356130458598402e-05	105.9
