125.4041	287.2598	-1.5625258862938394	8.891124080672738e-18	0.0
125.40493433136167	287.1589009810742	-1.5625308512482599	-9.841110443365955e-05	0.1
125.40576765934219	287.05800213083853	-1.5625457461637706	-0.0001968237622823525	0.2
125.40659898056036	286.957103617983	-1.5625705711971047	-0.00029523952657890395	0.30000000000000004
125.40742729163502	286.8562056111978	-1.5626053266094393	-0.00039365994959169004	0.4
125.40825158918501	286.75530827917294	-1.56265001276633	-0.0004920865824422067	0.5
125.40907086982916	286.6544117905986	-1.5627046301376168	-0.0005905209747224185	0.6000000000000001
125.40988413018631	286.5535163141648	-1.562769179297304	-0.0006889646741117958	0.7000000000000001
125.41069036687527	286.45262201856167	-1.5628436609234146	-0.0007874192259939703	0.8
125.4114885765149	286.3517290724793	-1.5629280757978161	-0.0008858861730729294	0.9
125.41227775572399	286.2508376446077	-1.563022424806021	-0.0009843670549886674	1.0
125.41305690112142	286.1499479036371	-1.5631267089369603	-0.0010828634079322315	1.1
125.41382500932599	286.0490600182576	-1.563240929282729	-0.0011813767642600656	1.2000000000000002
125.41458107695654	285.9481741571592	-1.5633650870383071	-0.0012799086521076018	1.3
125.4153241006319	285.847290489032	-1.5634991835012513	-0.0013784605950019927	1.4000000000000001
125.41605307697091	285.74640918256614	-1.5636432200713613	-0.001477034111473946	1.5
125.4167670025924	285.6455304064517	-1.5637971982503178	-0.0015756307146685509	1.6
125.41746487411518	285.5446543293788	-1.563961119641296	-0.0016742519119550406	1.7000000000000002
125.4181456881581	285.44378112003744	-1.564134985948549	-0.0017728992045354223	1.8
125.41880844133999	285.34291094711784	-1.5643187989769651	-0.0018715740870518841	1.9000000000000001
125.4194521302797	285.24204397931004	-1.5645125606316	-0.0019702780471929113	2.0
125.42007575159603	285.1411803853041	-1.5647162729171773	-0.0020690125652980435	2.1
125.42067830190784	285.04032033379013	-1.5649299379375663	-0.0021677791139612093	2.2
125.42125877783394	284.9394639934583	-1.5651535578952291	-0.002266579157632526	2.3000000000000003
125.42181617599317	284.8386115329986	-1.5653871350906416	-0.002365414152218552	2.4000000000000004
125.42234949300436	284.7377631211012	-1.5656306719216864	-0.002464285544680878	2.5
125.42285772548635	284.63691892645613	-1.5658841708830182	-0.0025631947726329853	2.6
125.42333987005796	284.53607911775356	-1.5661476345654015	-0.0026621432639353454	2.7
125.42379492333802	284.43524386368347	-1.5664210656550204	-0.002761132436288634	2.8000000000000003
125.42422188194537	284.3344133329361	-1.566704466932759	-0.002860163696825035	2.9000000000000004
125.42461974249885	284.23358769420145	-1.5669978412734566	-0.0029592384416975456	3.0
125.42498750161728	284.1327671161696	-1.5673011916451318	-0.0030583580556672253	3.1
125.42532415591948	284.0319517675307	-1.56761452110818	-0.0031575239116883084	3.2
125.42562870202431	283.93114181697484	-1.5679378328145412	-0.0032567373704911412	3.3000000000000003
125.42590013655058	283.8303374331921	-1.5682711300068404	-0.0033559997801628494	3.4000000000000004
125.42613745611713	283.72953878487255	-1.5686144160174986	-0.003455312475725697	3.5
125.42633965734278	283.62874604070635	-1.5689676942678155	-0.0035546767787130546	3.6
125.42650573684638	283.5279593693835	-1.5693309682670222	-0.0036540939967429345	3.7
125.42663469124676	283.4271789395942	-1.5697042416113058	-0.0037535654230890204	3.8000000000000003
125.42672551716274	283.3264049200285	-1.570087517982805	-0.003853092336249127	3.9000000000000004
125.42677721121315	283.2256374793764	-1.5704808011485747	-0.0039526759995110565	4.0
125.42678877001684	283.1248767863282	-1.5708840949595229	-0.004052317660515757	4.1000000000000005
125.42675919019263	283.0241230095738	-1.571297403349317	-0.004152018550817765	4.2
125.42668746835935	282.9233763178034	-1.5717207303332605	-0.004251779885442855	4.3
125.42657260113582	282.82263687970703	-1.5721540800071403	-0.004351602862442853	4.4
125.4264135851409	282.7219048639749	-1.5725974565460419	-0.004451488662447531	4.5
125.4262094169934	282.62118043929695	-1.5730508642031371	-0.004551438448213612	4.6000000000000005
125.42595909331217	282.52046377436335	-1.5735143073084392	-0.004651453364170707	4.7
125.42566161071602	282.41975503786426	-1.5739877902675286	-0.004751534535964304	4.800000000000001
125.4253159658238	282.31905439848964	-1.5744713175602472	-0.004851683069995593	4.9
125.42492115525432	282.2183620249296	-1.5749648937393619	-0.004951900052958183	5.0
125.42447617562645	282.1176780858744	-1.5754685234291979	-0.005052186551371683	5.1000000000000005
125.42398002355898	282.01700275001394	-1.575982211324238	-0.005152543611111989	5.2
125.42343169567076	281.91633618603845	-1.5765059621876953	-0.0052529722569384174	5.300000000000001
125.42283018858063	281.81567856263797	-1.5770397808500487	-0.005353473492017444	5.4
125.42217449890741	281.7150300485026	-1.5775836722075502	-0.005454048297443203	5.5
125.42146362326993	281.6143908123224	-1.5781376412207	-0.005554697631754541	5.6000000000000005
125.420696558287	281.51376102278755	-1.578701692912688	-0.0056554224304487645	5.7
125.41987230057752	281.41314084858806	-1.5792758323678036	-0.005756223605491873	5.800000000000001
125.41898984676027	281.312530458414	-1.5798600647298133	-0.005857102044825412	5.9
125.41804819345408	281.2119300209556	-1.5804543952003058	-0.005958058611869796	6.0
125.4170463372778	281.11133970490283	-1.5810588290370025	-0.006059094145024165	6.1000000000000005
125.41598327485026	281.0107596789458	-1.5816733715520375	-0.006160209457162683	6.2
125.41485800279028	280.9101901117747	-1.5822980281102017	-0.006261405335127337	6.300000000000001
125.4136695177167	280.8096311720795	-1.5829328041271562	-0.006362682539217105	6.4
125.41241681624835	280.70908302855037	-1.5835777050676092	-0.0064640418026736405	6.5
125.41109889500406	280.60854584987743	-1.5842327364434607	-0.00656548383116328	6.6000000000000005
125.40971475060266	280.5080198047507	-1.5848979038119135	-0.0066670093022555155	6.7
125.408263379663	280.40750506186026	-1.5855732127735485	-0.006768618864897831	6.800000000000001
125.40674377880387	280.3070017898963	-1.5862586689703666	-0.006870313138886946	6.9
125.40515494464415	280.20651015754885	-1.5869542780837962	-0.006972092714336439	7.0
125.40349587380265	280.10603033350793	-1.5876600458326644	-0.0070739581511407796	7.1000000000000005
125.40176556289819	280.0055624864638	-1.5883759779711357	-0.007175909978435731	7.2
125.39996300854962	279.9051067851065	-1.5891020802866127	-0.007277948694055183	7.300000000000001
125.39808720737577	279.8046633981261	-1.5898383585976035	-0.007380074763984374	7.4
125.39613715599546	279.70423249421265	-1.590584818751552	-0.007482288621809569	7.5
125.39411185102753	279.60381424205633	-1.5913414666226344	-0.007584590668164155	7.6000000000000005
125.39201028909082	279.5034088103472	-1.5921083081095175	-0.0076869812701712125	7.7
125.38983146680414	279.40301636777536	-1.5928853491330823	-0.007789460760882572	7.800000000000001
125.38757438078635	279.30263708303085	-1.5936725956341107	-0.007892029438714403	7.9
125.38523802765624	279.2022711248038	-1.594470053570936	-0.007994687566879308	8.0
125.3828214040327	279.1019186617844	-1.595277728917056	-0.008097435372815034	8.1
125.38032350653451	279.0015798626626	-1.5960956276587113	-0.008200273047609787	8.200000000000001
125.37774333178052	278.90125489612853	-1.5969237557924227	-0.008303200745424184	8.3
125.37507987638956	278.80094393087234	-1.597762119322496	-0.008406218582909953	8.4
125.37233213698048	278.7006471355841	-1.598610724258485	-0.008509326638625336	8.5
125.36949911017207	278.6003646789539	-1.599469576612621	-0.008612524952447327	8.6
125.36657979258321	278.5000967296718	-1.6003386823972008	-0.008715813524980773	8.700000000000001
125.3635731808327	278.3998434564279	-1.6012180476219395	-0.008819192316964385	8.8
125.36047827153938	278.2996050279124	-1.6021076782912846	-0.00892266124867374	8.9
125.3572940613221	278.1993816128152	-1.6030075804016906	-0.009026220199321356	9.0
125.35401954679965	278.0991733798266	-1.6039177599388565	-0.009129869006453906	9.1
125.3506537245909	277.9989804976366	-1.6048382228749256	-0.009233607465346592	9.200000000000001
125.34719559131466	277.89880313493524	-1.6057689751656439	-0.009337435328394912	9.3
125.34364414358978	277.79864146041274	-1.606710022747482	-0.00944135230450372	9.4
125.33999837803506	277.6984956427591	-1.6076613715347179	-0.009545358058473811	9.5
125.33625729126938	277.59836585066444	-1.6086230274164792	-0.0096494522103861	9.600000000000001
125.33241987991153	277.4982522528189	-1.609594996253748	-0.009753634334983422	9.700000000000001
125.32848514058036	277.3981550179125	-1.6105772838763248	-0.009857903961050189	9.8
125.32445206989469	277.2980743146353	-1.6115698960797549	-0.009962260570789874	9.9
125.32031966447337	277.19801031167754	-1.612572838622213	-0.010066703599200621	10.0
125.31608692093522	277.09796317772924	-1.6135861172213497	-0.010171232433448868	10.100000000000001
125.31175283589909	276.9979330814804	-1.6146097375510988	-0.010275846412241357	10.200000000000001
125.30731640598377	276.8979201916213	-1.6156437052384427	-0.010380544825195495	10.3
125.30277662780813	276.79792467684194	-1.6166880258601393	-0.010485326912208262	10.4
125.29813249799099	276.69794670583235	-1.6177427049394097	-0.01059019186282386	10.5
125.29338301315117	276.5979864472827	-1.6188077479425842	-0.010695138815600143	10.600000000000001
125.28852716990752	276.4980440698831	-1.619883160275709	-0.010800166857474114	10.700000000000001
125.28356396487887	276.3981197423236	-1.6209689472811135	-0.010905275023126564	10.8
125.27849239468402	276.2982136332943	-1.6220651142339357	-0.011010462294346015	10.9
125.27331145594185	276.19832591148537	-1.6231716663386093	-0.011115727599392264	11.0
125.26802014527117	276.0984567455867	-1.62428860872531	-0.01122106981235953	11.100000000000001
125.26261745929081	275.9986063042886	-1.6254159464463598	-0.011326487752539553	11.200000000000001
125.2571023946196	275.8987747562811	-1.626553684472595	-0.011431980183784739	11.3
125.25147394787636	275.7989622702543	-1.6277018276896897	-0.011537545813871576	11.4
125.24573111567994	275.6991690148983	-1.6288603808944426	-0.011643183293864596	11.5
125.23987289464918	275.5993951589031	-1.6300293487910211	-0.011748891217480966	11.600000000000001
125.2338982814029	275.49964087095896	-1.631208735987167	-0.01185466812045605	11.700000000000001
125.22780627255992	275.3999063197558	-1.6323985469903615	-0.011960512479910106	11.8
125.22159586473909	275.3001916739838	-1.6335987862039507	-0.012066422713716378	11.9
125.21526605455922	275.2004971023331	-1.6348094579232306	-0.012172397179870786	12.0
125.20881583863918	275.10082277349375	-1.636030566331492	-0.012278434175863545	12.100000000000001
125.20224421359777	275.0011688561558	-1.6372621154960276	-0.012384531938052846	12.200000000000001
125.19555017605381	274.90153551900937	-1.6385041093640977	-0.012490688641040984	12.3
125.18873272262617	274.8019229307446	-1.6397565517588566	-0.012596902397053134	12.4
125.18179084993366	274.70233126005155	-1.6410194463752414	-0.012703171255319019	12.5
125.17472355459512	274.6027606756203	-1.6422927967758199	-0.01280949320145789	12.600000000000001
125.16752983322937	274.503211346141	-1.6435766063865995	-0.012915866156866906	12.700000000000001
125.16020868245525	274.40368344030367	-1.6448708784928006	-0.01302228797811344	12.8
125.1527590988916	274.3041771267985	-1.646175616234586	-0.013128756456331383	12.9
125.14518007915721	274.2046925743154	-1.6474908226027574	-0.01323526931662198	13.0
125.13747061987097	274.1052299515447	-1.6488165004344109	-0.01334182421745934	13.100000000000001
125.12962971765167	274.00578942717635	-1.6501526524085546	-0.013448418750101051	13.200000000000001
125.12165636911816	273.90637116990047	-1.6514992810416909	-0.013555050438004193	13.3
125.11354957088928	273.8069753484072	-1.6528563886833596	-0.013661716736247125	13.4
125.10530831958384	273.7076021313866	-1.6542239775116445	-0.013768415030957326	13.5
125.09693161182068	273.6082516875287	-1.6556020495286445	-0.013875142638745777	13.600000000000001
125.08841844421865	273.5089241855237	-1.656990606555907	-0.013981896806148012	13.700000000000001
125.07976781339654	273.4096197940617	-1.6583896502298268	-0.014088674709072564	13.8
125.07097871597323	273.3103386818327	-1.659799181997009	-0.01419547345225681	13.9
125.06205014856752	273.21108101752685	-1.661219203109597	-0.01430229006873087	14.0
125.05298110779826	273.11184696983423	-1.6626497146205654	-0.014409121519289822	14.100000000000001
125.04377059028425	273.012636707445	-1.6640907173789796	-0.01451596469197465	14.200000000000001
125.03441759264436	272.9134503990491	-1.6655422120252221	-0.014622816401562436	14.3
125.0249211114974	272.81428821333674	-1.667004198986184	-0.014729673389066014	14.4
125.01528014346222	272.71515031899804	-1.6684766784704246	-0.014836532321243706	14.5
125.00549368515763	272.61603688472303	-1.6699596504633003	-0.014943389790119449	14.600000000000001
124.99556073320247	272.5169480792018	-1.6714531147220606	-0.015050242312513796	14.700000000000001
124.98548028421557	272.4178840711245	-1.6729570707709125	-0.01515708632958622	14.8
124.97525133481577	272.3188450291812	-1.674471517896056	-0.015263918206389176	14.9
124.96487288162189	272.219831122062	-1.6759964551406896	-0.015370734231434395	15.0
124.95434392125277	272.12084251845687	-1.6775318812999866	-0.015477530616271796	15.100000000000001
124.94366345032725	272.02187938705606	-1.679077794916042	-0.01558430349508163	15.200000000000001
124.93283046546414	271.9229418965497	-1.6806341942727938	-0.015691048924280176	15.3
124.92184396328229	271.8240302156277	-1.6822010773909155	-0.015797762882139573	15.4
124.91070294040051	271.72514451298036	-1.6837784420226842	-0.01590444126842227	15.5
124.89940639343766	271.6262849572976	-1.6853662856468212	-0.016011079904030473	15.600000000000001
124.88795331901255	271.5274517172696	-1.68696460546331	-0.01611767453067133	15.700000000000001
124.87634271374402	271.42864496158654	-1.6885733983881892	-0.016224220810538023	15.8
124.8645735742509	271.3298648589383	-1.6901926610483233	-0.016330714326007655	15.9
124.85264489715203	271.2311115780152	-1.6918223897761517	-0.016437150579356106	16.0
124.84055567906623	271.13238528750713	-1.6934625806044152	-0.016543524992490625	16.1
124.82830491661234	271.03368615610435	-1.6951132292608648	-0.016649832906700513	16.2
124.8158916064092	270.93501435249686	-1.6967743311629484	-0.01675606958242661	16.3
124.80331474507561	270.83637004537474	-1.698445881412482	-0.016862230199049883	16.400000000000002
124.79057332923043	270.7377534034282	-1.7001278747903026	-0.016968309854699902	16.5
124.77766635549247	270.6391645953472	-1.7018203057509043	-0.017074303566083558	16.6
124.76459282048059	270.54060378982194	-1.703523168417061	-0.017180206268334632	16.7
124.7513517208136	270.4420711555424	-1.705236456574435	-0.01728601281488488	16.8
124.73794205311034	270.3435668611988	-1.7069601636661702	-0.01739171797735692	16.900000000000002
124.72436281398964	270.2450910754811	-1.708694282787479	-0.01749731644547972	17.0
124.71061300007034	270.14664396707957	-1.710438806680213	-0.017602802827027194	17.1
124.69669160797126	270.04822570468417	-1.712193727727429	-0.017708171647780338	17.2
124.68259763431122	269.94983645698505	-1.7139590379479455	-0.017813417351513608	17.3
124.6683300757091	269.8514763926723	-1.7157347289908915	-0.017918534300006023	17.400000000000002
124.65388792878367	269.753145680436	-1.7175207921302527	-0.018023516773077612	17.5
124.6392701901538	269.6548444889662	-1.7193172182594116	-0.018128358968651698	17.6
124.62447585643831	269.5565729869531	-1.721123997885686	-0.018233055002843616	17.7
124.60950392425605	269.4583313430867	-1.7229411211248673	-0.0183375989100765	17.8
124.59435339022582	269.36011972605706	-1.7247685776957562	-0.018441984643224486	17.900000000000002
124.57902325096647	269.26193830455446	-1.726606356914704	-0.018546206073784193	18.0
124.56351250309683	269.16378724726883	-1.728454447690156	-0.018650256992074777	18.1
124.54782014323573	269.0656667228903	-1.7303128385171964	-0.0187541311074672	18.2
124.531945168002	268.96757690010895	-1.7321815174721067	-0.018857822048643388	18.3
124.51588657401447	268.86951794761495	-1.7340604722069244	-0.01896132336388561	18.400000000000002
124.499643357892	268.77149003409835	-1.735949689944017	-0.019064628521396777	18.5
124.48321451625337	268.67349332824926	-1.7378491574706652	-0.019167730909652177	18.6
124.46659904571746	268.5755279987577	-1.7397588611336585	-0.019270623837783128	18.7
124.44979594290307	268.47759421431385	-1.7416787868339072	-0.019373300535993145	18.8
124.43280420442905	268.37969214360777	-1.7436089200210694	-0.0194757541560071	18.900000000000002
124.41562282691422	268.2818219553296	-1.7455492456881971	-0.019577977771553914	19.0
124.39825080697742	268.1839838181693	-1.7474997483664025	-0.019679964378883297	19.1
124.38068714123746	268.08617790081706	-1.7494604121195454	-0.019781706897317033	19.200000000000003
124.3629308433491	267.9884043691448	-1.7514297390901552	-0.019798454450091065	19.3
124.34498182518936	267.89066324042784	-1.7533902870186528	-0.019658867818719745	19.400000000000002
124.32684132394255	267.7929543126918	-1.7553370151594523	-0.01951910002574942	19.5
124.30851068331803	267.69527736633887	-1.7572699118505044	-0.019379160204189005	19.6
124.28999124702521	267.5976321817717	-1.7591889660282363	-0.01923905732634648	19.700000000000003
124.27128435877351	267.50001853939256	-1.7610941672168612	-0.019098800203983027	19.8
124.25239136227232	267.40243621960417	-1.7629855055177117	-0.018958397488525895	19.900000000000002
124.23331360123105	267.30488500280865	-1.7648629715986026	-0.018817857671338582	20.0
124.21405241935908	267.2073646694087	-1.766726556683225	-0.01867718908404646	20.1
124.19460916036584	267.10987499980666	-1.7685762525405744	-0.018536399898916464	20.200000000000003
124.17498516796071	267.01241577440516	-1.770412051474415	-0.01839549812928902	20.3
124.15518178585313	266.91498677360636	-1.7722339463127854	-0.018254491630060894	20.400000000000002
124.13520035775245	266.81758777781295	-1.7740419303975452	-0.018113388098217123	20.5
124.11504222736812	266.72021856742737	-1.7758359975739675	-0.017972195073410573	20.6
124.09470873840952	266.6228789228519	-1.7776161421803787	-0.017830919938587694	20.700000000000003
124.07420123458606	266.52556862448915	-1.7793823590378468	-0.017689569920658687	20.8
124.0535210596071	266.4282874527415	-1.7811346434399242	-0.01754815209121078	20.900000000000002
124.03266955718212	266.3310351880114	-1.7828729911424426	-0.01740667336726308	21.0
124.01164807102047	266.2338116107014	-1.784597398353366	-0.017265140512061357	21.1
123.99045794483156	266.13661650121395	-1.7863078617227017	-0.0171235601359116	21.200000000000003
123.96910052232482	266.03944963995133	-1.7880043783324708	-0.01698193869705055	21.3
123.94757714720961	265.94231080731623	-1.7896869456867437	-0.0168402825025521	21.400000000000002
123.92588916319536	265.8451997837108	-1.7913555617017378	-0.016698597709267963	21.5
123.90403791399147	265.7481163495379	-1.793010224695982	-0.016556890324801305	21.6
123.88202474330733	265.65106028519966	-1.7946509333805496	-0.016415166208511998	21.700000000000003
123.85985099485237	265.5540313710987	-1.796277686849359	-0.016273431072552122	21.8
123.83751801233596	265.4570293876374	-1.7978904845695491	-0.016131690482930353	21.900000000000002
123.81502713946752	265.3600541152182	-1.7994893263719216	-0.015989949860604126	22.0
123.79237971995644	265.26310533424356	-1.8010742124414632	-0.0158482144825981	22.1
123.76957709751215	265.166182825116	-1.8026451433079387	-0.015706489483147807	22.200000000000003
123.74662061584402	265.0692863682379	-1.804202119836563	-0.015564779854867242	22.3
123.72351161866148	264.97241574401176	-1.8057451432187506	-0.01542309044993911	22.400000000000002
123.70025144967391	264.87557073284006	-1.8072742149629433	-0.01528142598132677	22.5
123.67684145259072	264.77875111512515	-1.8087893368855195	-0.015139791024006494	22.6
123.65328297112134	264.68195667126963	-1.8102905111017824	-0.014998190016219047	22.700000000000003
123.62957734897512	264.5851871816758	-1.8117777400170338	-0.014856627260739524	22.8
123.60572592986149	264.48844242674625	-1.8132510263177277	-0.014715106926164217	22.900000000000002
123.58173005748988	264.3917221868834	-1.814710372962709	-0.014573633048213677	23.0
123.55759107556965	264.29502624248954	-1.8161557831745383	-0.014432209531050746	23.1
123.53331032781023	264.1983543739674	-1.8175872604309016	-0.014290840148612718	23.200000000000003
123.50888915792098	264.1017063617192	-1.819004808456104	-0.01414952854595658	23.3
123.48432890961136	264.00508198614756	-1.8204084312126545	-0.01400827824061637	23.400000000000002
123.45963092659075	263.90848102765483	-1.8217981328929362	-0.013867092623971821	23.5
123.43479655256853	263.8119032666436	-1.8231739179109634	-0.01372597496262726	23.6
123.40982713125412	263.7153484835161	-1.82453579089423	-0.013584928399800036	23.700000000000003
123.38472400635695	263.6188164586749	-1.825883756675646	-0.013443955956717537	23.8
123.35948852158637	263.5223069725226	-1.8272178202855636	-0.01330306053402194	23.900000000000002
123.33412202065183	263.4258198054614	-1.828537986943893	-0.013162244913182047	24.0
123.3086258472627	263.32935473789394	-1.8298442620523085	-0.013021511757911206	24.1
123.28300134512841	263.2329115502226	-1.8311366511865477	-0.012880863615590822	24.200000000000003
123.25724985795833	263.1364900228498	-1.832415160088798	-0.012740302918698534	24.3
123.23137272946188	263.0400899361781	-1.8336797946601762	-0.012599831986240378	24.400000000000002
123.20537130334849	262.9437110706099	-1.8349305609533006	-0.012459453025186388	24.5
123.17924692332751	262.84735320654755	-1.8361674651649522	-0.012319168131908823	24.6
123.15300093310837	262.7510161243937	-1.83739051362883	-0.012178979293622456	24.700000000000003
123.12663467640049	262.6546996045506	-1.8385997128083957	-0.012038888389826313	24.8
123.10014949691322	262.5584034274209	-1.8397950692898135	-0.011898897193746238	24.900000000000002
123.07354673835603	262.4621273734069	-1.840976589774978	-0.01175900737377778	25.0
123.04682774443826	262.36587122291115	-1.842144281074637	-0.011619220494928738	25.1
123.01999385886936	262.2696347563361	-1.8432981501016055	-0.01147953802026097	25.200000000000003
122.99304642535871	262.17341775408414	-1.8444382038640699	-0.011339961312330886	25.3
122.9659867876157	262.07721999655774	-1.8455644494589867	-0.011200491634628105	25.400000000000002
122.93881628934977	261.98104126415944	-1.8466768940655705	-0.011061130153011942	25.5
122.9115362742703	261.8848813372916	-1.8477755449388749	-0.01092187793714511	25.6
122.88414808608668	261.7887399963567	-1.8488604094034642	-0.010782735961924375	25.700000000000003
122.85665306850836	261.69261702175726	-1.8499314948471768	-0.010643705108907617	25.8
122.82905256524467	261.59651219389553	-1.8509888087149788	-0.010504786167737003	25.900000000000002
122.80134792000509	261.5004252931743	-1.8520323585029097	-0.010365979837557895	26.0
122.77354047649895	261.40435609999565	-1.853062151752117	-0.010227286728433064	26.1
122.7456315784357	261.3083043947624	-1.854078196042983	-0.010088707362752017	26.200000000000003
122.71762256952475	261.21226995787663	-1.8550804989893401	-0.009950242176634955	26.3
122.68951479347545	261.1162525697411	-1.856069068232777	-0.009811891521331217	26.400000000000002
122.66130959399727	261.02025201075816	-1.8570439114370327	-0.009673655664611838	26.5
122.63300831479954	260.9242680613302	-1.858005036282483	-0.009535534792155978	26.6
122.60461229959174	260.8283005018597	-1.8589524504607116	-0.009397529008930995	26.700000000000003
122.5761228920832	260.73234911274926	-1.8598861616691726	-0.009259638340565906	26.8
122.54754143598338	260.6364136744011	-1.860806177605941	-0.009121862734718034	26.900000000000002
122.51886927500165	260.5404939672179	-1.861712505964549	-0.008984202062432632	27.0
122.49010775284742	260.444589771602	-1.862605154428912	-0.008846656119495299	27.1
122.4612582132301	260.3487008679558	-1.8634841306683396	-0.008709224627777032	27.200000000000003
122.43232199985908	260.2528270366819	-1.8643494423326357	-0.008571907236571736	27.3
122.40330045644377	260.15696805818254	-1.865201097047282	-0.008434703523926043	27.400000000000002
122.37419492669359	260.0611237128604	-1.8660391024087095	-0.008297612997961364	27.5
122.3450067543179	259.9652937811178	-1.866863465979654	-0.008160635098187964	27.6
122.31573728302612	259.86947804335733	-1.867674195284597	-0.008023769196811066	27.700000000000003
122.28638785652768	259.7736762799812	-1.868471297805292	-0.007887014600028806	27.8
122.25695981853198	259.67788827139213	-1.8692547809763735	-0.007750370549321977	27.900000000000002
122.22745451274838	259.5821137979924	-1.870024652181051	-0.007613836222735568	28.0
122.1978732828863	259.4863526401846	-1.8707809187468845	-0.007477410736151921	28.1
122.16821747265517	259.390604578371	-1.8715235879416445	-0.007341093144555573	28.200000000000003
122.13848842576438	259.29486939295424	-1.8722526669692536	-0.007204882443289675	28.3
122.10868748592331	259.1991468643366	-1.87296816296581	-0.007068777569304023	28.400000000000002
122.07881599684137	259.10343677292076	-1.8736700829956927	-0.006932777402394646	28.5
122.04887530222798	259.007738899109	-1.8743584340477473	-0.006796880766434953	28.6
122.01886674579254	258.91205302330377	-1.875033223031552	-0.006661086430598499	28.700000000000003
121.98879167124444	258.8163789259076	-1.8756944567737652	-0.00652539311057334	28.8
121.9586514222931	258.7207163873229	-1.8763421420145512	-0.006389799469767955	28.900000000000002
121.92844734264789	258.6250651879522	-1.8769762854040852	-0.006254304120508941	29.0
121.89818077601825	258.52942510819787	-1.877596893499139	-0.006118905625230321	29.1
121.86785306611357	258.43379592846236	-1.8782039727597417	-0.005983602497654682	29.200000000000003
121.83746555664324	258.3381774291482	-1.8787975295459212	-0.005848393203966106	29.3
121.80701959131666	258.24256939065776	-1.8793775701145217	-0.005713276163974981	29.400000000000002
121.77651651384328	258.1469715933936	-1.8799441006160984	-0.005578249752274858	29.5
121.74595766793243	258.0513838177581	-1.8804971270918895	-0.005443312299391271	29.6
121.71534439729358	257.95580584415364	-1.8810366554708629	-0.005308462092922823	29.700000000000003
121.68467804563609	257.8602374529828	-1.88156269156684	-0.005173697378674427	29.8
121.65395995666937	257.7646784246481	-1.8820752410756938	-0.005039016361782949	29.900000000000002
121.62319147410284	257.6691285395517	-1.8825743095726237	-0.004904417207835364	30.0
121.59237394164589	257.57358757809635	-1.8830599025095016	-0.0047698980439794215	30.1
121.56150870300792	257.4780553206844	-1.8835320252122958	-0.004635456960027132	30.200000000000003
121.53059710189832	257.38253154771826	-1.8839906828785657	-0.004501092009551029	30.3
121.49964048202652	257.2870160396005	-1.8844358805750316	-0.004366801210973444	30.400000000000002
121.46864018710191	257.19150857673344	-1.884867623235217	-0.004232582548648956	30.5
121.43759756083391	257.09600893951955	-1.8852859156571629	-0.0040984339739400626	30.6
121.40651394693188	257.0005169083615	-1.885690762501215	-0.003964353406286341	30.700000000000003
121.37539068910527	256.9050322636613	-1.8860821682878834	-0.00383033873426718	30.8
121.34422913106346	256.8095547858219	-1.8864601373957721	-0.0036963878166582594	30.900000000000002
121.31303061651583	256.71408425524555	-1.8868246740595813	-0.0035624984834820113	31.0
121.28179648917184	256.61862045233454	-1.8871757823681805	-0.0034286685370521095	31.1
121.25052809274084	256.5231631574915	-1.8875134662627506	-0.0032948957530122983	31.200000000000003
121.21922677093225	256.42771215111895	-1.8878377295349988	-0.003161177881369661	31.3
121.1878938674555	256.33226721361916	-1.888148575825441	-0.0030275126475225013	31.400000000000002
121.15653072601994	256.2368281253947	-1.8884460086217565	-0.0028938977532831107	31.5
121.125138690335	256.1413946668481	-1.8887300312572088	-0.0027603308778955103	31.6
121.09371910411012	256.0459666183816	-1.8890006469091396	-0.0026268096790484532	31.700000000000003
121.06227331105464	255.95054376039775	-1.8892578585975282	-0.0024933317938838125	31.8
121.03080265487797	255.85512587329907	-1.889501669183621	-0.0023598948400005977	31.900000000000002
120.99930847928955	255.75971273748797	-1.8897320813686311	-0.002226496416454818	32.0
120.96779212799876	255.6643041333669	-1.8899490976925026	-0.0020931341047553255	32.1
120.93625494471502	255.5688998413383	-1.8901527205327455	-0.001959805469855956	32.2
120.9046982731477	255.47349964180464	-1.8903429521033384	-0.001826508061144083	32.300000000000004
120.87312345700623	255.37810331516837	-1.8905197944536971	-0.0016932394134258728	32.4
120.84153184	255.28271064183198	-1.8906832494677126	-0.0015599970479083436	32.5
120.8099247658384	255.18732140219788	-1.8908333188628557	-0.0014267784731786712	32.6
120.77830357823088	255.09193537666854	-1.8909700041893474	-0.0012935811861806688	32.7
120.7466696208868	254.9965523456464	-1.891093306829399	-0.0011604026731889003	32.800000000000004
120.71502423751558	254.90117208953396	-1.8912032279965167	-0.0010272404107805556	32.9
120.6833687718266	254.80579438873363	-1.8912997687348745	-0.0008940918668052386	33.0
120.6517045675293	254.71041902364786	-1.891382929918753	-0.0007609545013531352	33.1
120.62003296833305	254.61504577467912	-1.8914527122520441	-0.0006278257677214687	33.2
120.58835531794728	254.51967442222988	-1.8915091162678248	-0.0004947031133797237	33.300000000000004
120.55667296008134	254.42430474670255	-1.891552142327994	-0.00036158398093377774	33.4
120.52498723844471	254.32893652849964	-1.8915817906229782	-0.00022846580908908627	33.5
120.49329949674674	254.23356954802355	-1.8915980611715026	-9.534603361339011e-05	33.6
120.46161107869683	254.13820358567682	-1.891600953820429	3.777791170112421e-05	33.7
120.42992332800442	254.04283842186183	-1.891590468244659	0.0001709085940757486	33.800000000000004
120.39823758837889	253.947473836981	-1.8915666039471042	0.0003040485807831072	33.9
120.36655520352963	253.85210961143687	-1.8915293602587235	0.0004372004381847944	34.0
120.33487751716606	253.75674552563189	-1.8914787363386247	0.0005703667307683275	34.1
120.3032058729976	253.66138135996843	-1.8914147311742344	0.0007035500201834846	34.2
120.27154161473361	253.56601689484907	-1.8913373435815335	0.0008367528642775594	34.300000000000004
120.2398860860835	253.47065191067617	-1.8912465722053589	0.0009699778161293847	34.4
120.2082406307567	253.3752861878522	-1.8911424155197722	0.0011032274230819697	34.5
120.17660659246262	253.2799195067796	-1.8910248718284957	0.0012365042257733152	34.6
120.14498531491063	253.1845516478609	-1.8908939392654123	0.001369810757165403	34.7
120.11337814181013	253.08918239149844	-1.890749615795137	0.001503149541571007	34.800000000000004
120.08178641687056	252.99381151809476	-1.89059189921365	0.0016365230936780941	34.9
120.05021148380128	252.89843880805233	-1.890420787149002	0.0017699339175716589	35.0
120.01865468631172	252.80306404177352	-1.8902362770620822	0.0019033845057526535	35.1
119.98711736811127	252.70768699966084	-1.8900383662474567	0.002036877338153908	35.2
119.95560087290936	252.61230746211675	-1.8898270518342741	0.0021704148811527604	35.300000000000004
119.92410654441535	252.51692520954367	-1.8896023307872372	0.0023039995865801353	35.4
119.89263572633865	252.42154002234412	-1.8893641999076445	0.0024376338907259668	35.5
119.8611897623887	252.32615168092045	-1.8891126558344988	0.002571320213340576	35.6
119.82976999627488	252.2307599656752	-1.8888476950456847	0.0027050609566319603	35.7
119.79837777170658	252.13536465701077	-1.8885693138592143	0.0028388585042586857	35.800000000000004
119.76701443239322	252.03996553532969	-1.888277508434543	0.0029727152203181707	35.9
119.73568132204419	251.94456238103433	-1.887972274773951	0.003106633448330214	36.0
119.7043797843689	251.84915497452718	-1.887653608723999	0.0032406155102154503	36.1
119.67311116307675	251.7537430962107	-1.88732150597705	0.0033746637052686434	36.2
119.64187680187715	251.65832652648734	-1.886975962072863	0.003508780309126585	36.300000000000004
119.61067804447949	251.56290504575958	-1.8866169724002533	0.0036429675727303362	36.4
119.57951623459317	251.46747843442984	-1.8862445321988301	0.003777227721281726	36.5
119.54839271592763	251.37204647290056	-1.8858586365607979	0.003911562953193792	36.6
119.51730883219223	251.2766089415742	-1.8854592804328332	0.004045975439035089	36.7
119.48626592673943	251.1811656209277	-1.8850465694097833	0.004157891286592055	36.800000000000004
119.45526483944855	251.08571639636205	-1.8846341277980927	0.004061550112205756	36.9
119.42430490451876	250.9902614670636	-1.8842313861997442	0.003965164287929417	37.0
119.3933851758954	250.89480109062393	-1.8838383474112503	0.0038687344845954484	37.1
119.36250470752375	250.7993355246344	-1.883455014184382	0.0037722613568980743	37.2
119.33166255334918	250.70386502668657	-1.8830813892272467	0.0036757455437713147	37.300000000000004
119.30085776731698	250.6083898543719	-1.8827174752053448	0.0035791876687685975	37.4
119.2700894033725	250.5129102652819	-1.8823632747425982	0.003482588340443874	37.5
119.23935651546103	250.417426517008	-1.8820187904223515	0.003385948152734329	37.6
119.20865815752788	250.32193886714177	-1.8816840247883495	0.003289267685344498	37.7
119.17799338351841	250.2264475732746	-1.8813589803456878	0.0031925475041318647	37.800000000000004
119.14736124737793	250.13095289299804	-1.8810436595617357	0.003095788161493853	37.9
119.11676080305176	250.03545508390354	-1.8807380648670344	0.002998990196756163	38.0
119.08619110448524	249.93995440358265	-1.8804421986561686	0.0029021541365624945	38.1
119.05565120562363	249.8444511096268	-1.8801560632886107	0.0028052804952655094	38.2
119.0251401604123	249.74894545962744	-1.8798796610895385	0.0027083697753190962	38.300000000000004
118.99465702279659	249.6534377111761	-1.8796129943506283	0.00261142246767185	38.400000000000006
118.9642008467218	249.55792812186434	-1.8793560653308181	0.002514439052161777	38.5
118.93377068613323	249.46241694928352	-1.8791088762570465	0.002417419997912125	38.6
118.90336559497624	249.3669044510252	-1.8788714293249638	0.002320365763728438	38.7
118.8729846271961	249.2713908846808	-1.8786437266996163	0.0022232767984966544	38.800000000000004
118.84262683673818	249.17587650784188	-1.8784257705161045	0.002126153541582325	38.900000000000006
118.81229127754779	249.08036157809985	-1.878217562880212	0.0020289964232309034	39.0
118.78197700357023	248.98484635304632	-1.878019105869011	0.001931805864969035	39.1
118.75168306875086	248.88933109027263	-1.8778304015314362	0.0018345822800069275	39.2
118.72140852703495	248.79381604737037	-1.8776514518888368	0.0017373260736416427	39.300000000000004
118.69115243236787	248.69830148193097	-1.8774822589354956	0.001640037643661395	39.400000000000006
118.66091383869494	248.60278765154592	-1.8773228246391263	0.0015427173807507852	39.5
118.63069179996144	248.5072748138067	-1.8771731509413387	0.001445365668896926	39.6
118.60048537011274	248.41176322630486	-1.8770332397580805	0.001347982885796538	39.7
118.57029360309411	248.3162531466318	-1.876903092980049	0.0012505694032638559	39.800000000000004
118.5401155528509	248.22074483237907	-1.8767827124730767	0.001153125587639429	39.900000000000006
118.50995027332844	248.1252385411381	-1.8766721000784885	0.0010556518001997599	40.0
118.47979681847205	248.02973453050043	-1.8765712576134326	0.0009581483975677353	40.1
118.44965424222704	247.9342330580575	-1.876480186871183	0.0008606157321239217	40.2
118.41952159853875	247.83873438140083	-1.8763988896214139	0.0007630541524185794	40.300000000000004
118.38939794135246	247.74323875812186	-1.8763273676104477	0.0006654640035844781	40.400000000000006
118.35928232461352	247.64774644581215	-1.8762656225614747	0.0005678456277504557	40.5
118.32917380226726	247.5522577020631	-1.8762136561747444	0.00047019936445567726	40.6
118.299071428259	247.4567727844663	-1.8761714701277301	0.0003725255510646779	40.7
118.26897425653405	247.3612919506131	-1.8761390660752648	0.00027482452318302697	40.800000000000004
118.23888134103773	247.26581545809512	-1.8761164456496506	0.00017709661507371276	40.900000000000006
118.20879173571537	247.17034356450372	-1.8761036104607383	7.93421600741886e-05	41.0
118.17870449451229	247.0748765274305	-1.8761005620959808	-1.843850898597143e-05	41.1
118.1486186713738	246.97941460446685	-1.8761073021204568	-0.00011624505936671479	41.2
118.11853332024525	246.88395805320434	-1.8761238320768696	-0.00021407715799861022	41.300000000000004
118.08844749507193	246.78850713123438	-1.8761501534855132	-0.00031193447106331085	41.400000000000006
118.05836024979916	246.69306209614854	-1.8761862678442152	-0.0004098166635734458	41.5
118.0282706383723	246.59762320553818	-1.876232176628248	-0.0005077233989519748	41.6
117.99817771473666	246.50219071699493	-1.8762878812902144	-0.0006056543386109244	41.7
117.96808053283753	246.4067648881102	-1.876353383259903	-0.0007036091415296732	41.800000000000004
117.93797814662027	246.31134597647545	-1.8764286839441178	-0.0008015874638326773	41.900000000000006
117.90786961003018	246.21593423968224	-1.8765137847264761	-0.0008995889583667085	42.0
117.87775397701256	246.120529935322	-1.8766086869671825	-0.00099761327427764	42.1
117.84763030151277	246.02513332098619	-1.8767133920027717	-0.0010956600565867117	42.2
117.81749763747612	245.92974465426641	-1.8768279011458235	-0.0011937289457664153	42.300000000000004
117.78735503884793	245.834364192754	-1.87695221568465	-0.0012918195773159236	42.400000000000006
117.75720155957352	245.73899219404055	-1.8770863368829553	-0.0013899315813361121	42.5
117.7270362535982	245.6436289157175	-1.8772302659794644	-0.001488064582104236	42.6
117.69685817486733	245.54827461537636	-1.877384004187527	-0.001586218197648167	42.7
117.6666663773262	245.45292955060856	-1.8775475526946899	-0.0016843920393203547	42.800000000000004
117.63645991492014	245.35759397900569	-1.8777209126622427	-0.001782585711371436	42.900000000000006
117.60623784159445	245.26226815815915	-1.877904085224736	-0.0018807988105235365	43.0
117.57599921129447	245.16695234566043	-1.8780970714894683	-0.001979030925543329	43.1
117.54574307796555	245.07164679910105	-1.878299872535947	-0.0020772816368147635	43.2
117.51546849555297	244.97635177607248	-1.8785124894153205	-0.0021755505159116433	43.300000000000004
117.48517451800207	244.88106753416622	-1.878734923149781	-0.0022738371251699507	43.400000000000006
117.45486019925816	244.78579433097372	-1.878967174731939	-0.002372141017259989	43.5
117.42452459326657	244.69053242408648	-1.879209245124171	-0.0024704617347584084	43.6
117.39416675397261	244.59528207109602	-1.8794611352579362	-0.0025687988097200377	43.7
117.36378573532164	244.50004352959377	-1.8797228460330666	-0.00266715176324967	43.800000000000004
117.33338059125894	244.40481705717124	-1.8799943783170274	-0.0027655201050737596	43.900000000000006
117.30295037572984	244.30960291141994	-1.880275732944151	-0.0028639033331120606	44.0
117.27249414267968	244.21440134993134	-1.880566910714839	-0.0029623009330493055	44.1
117.24201094605375	244.11921263029691	-1.8808679123947392	-0.003060712377906831	44.2
117.2114998397974	244.02403701010815	-1.8811787387138927	-0.0031591371276143186	44.300000000000004
117.18095987785595	243.92887474695652	-1.8814993903658512	-0.003257574628581605	44.400000000000006
117.1503901141747	243.83372609843354	-1.8818298680067695	-0.0033560243132706147	44.5
117.11978960269902	243.73859132213067	-1.8821701722544648	-0.003454485599767479	44.6
117.08915739737417	243.64347067563943	-1.8825203036874514	-0.003552957891354802	44.7
117.05849255214548	243.54836441655124	-1.8828802628439452	-0.0036514405760842265	44.800000000000004
117.0277941209583	243.45327280245766	-1.8832500502208405	-0.00374993302634925	44.900000000000006
116.99706115775795	243.35819609095012	-1.8836296662726573	-0.0038484345984583636	45.0
116.96629271648976	243.26313453962018	-1.8840191114104616	-0.003946944632208593	45.1
116.93548785109903	243.1680884060592	-1.8844183860007564	-0.004045462450459382	45.2
116.90464561553105	243.0730579478588	-1.8848274903643452	-0.004143987358707009	45.300000000000004
116.87376506373121	242.9780434226104	-1.8852464247751657	-0.004242518644659469	45.400000000000006
116.84284524964481	242.88304508790551	-1.885675189459097	-0.004341055577811925	45.5
116.81188522721713	242.78806320133555	-1.8861137845927383	-0.004439597409022781	45.6
116.78088405039354	242.69309802049207	-1.8865622103021567	-0.004538143370090374	45.7
116.74984077311933	242.59814980296653	-1.8870204666616115	-0.0046366926733304396	45.800000000000004
116.71875444933987	242.50321880635045	-1.8874885536922463	-0.004735244511154308	45.900000000000006
116.68762413300043	242.40830528823528	-1.887966471360755	-0.004833798055647941	46.0
116.65644887804635	242.31340950621248	-1.8884542195780196	-0.004932352458151909	46.1
116.62522773842294	242.21853171787356	-1.8889517981977189	-0.005030906848842213	46.2
116.59395976807555	242.12367218081008	-1.8894592070149112	-0.005129460336312231	46.300000000000004
116.56264402094946	242.0288311526134	-1.8899764457645871	-0.005228012007155702	46.400000000000006
116.53127955099004	241.9340088908751	-1.890503514120196	-0.005326560925550841	46.5
116.49986541214258	241.8392056531866	-1.8910404116921438	-0.005425106132845732	46.6
116.46840065835241	241.74442169713947	-1.8915871380262637	-0.005523646647144934	46.7
116.43688434356484	241.64965728032513	-1.8921436926022581	-0.005622181462897516	46.800000000000004
116.40531552172521	241.55491266033505	-1.892710074832116	-0.005720709550486509	46.900000000000006
116.37369324677884	241.46018809476078	-1.8932862840584983	-0.005819229855819852	47.0
116.34201657267104	241.3654838411937	-1.8938723195530998	-0.005917741299922998	47.1
116.31028455334715	241.27080015722544	-1.8944681805149821	-0.006016242778533112	47.2
116.27849624275245	241.17613730044738	-1.895073866068879	-0.006114733161695111	47.300000000000004
116.24665069483233	241.081495528451	-1.8956893752634765	-0.0062132112933594935	47.400000000000006
116.21474696353204	240.98687509882788	-1.8963147070696629	-0.006311675990982149	47.5
116.18278410279694	240.89227626916943	-1.8969498603787556	-0.006410126045126181	47.6
116.15076116657237	240.79769929706714	-1.8975948340006978	-0.006508560219065823	47.7
116.1186772088036	240.70314444011248	-1.8982496266622317	-0.006606977248392612	47.800000000000004
116.08653128343599	240.60861195589703	-1.8989142370050411	-0.006705375840623855	47.900000000000006
116.05432244441485	240.51410210201215	-1.8995886635838723	-0.006803754674813487	48.0
116.02204974568549	240.4196151360494	-1.9002729048646247	-0.006902112401165509	48.1
115.98971224119326	240.32515131560027	-1.9009669592224183	-0.0070004476406499445	48.2
115.95730898488344	240.2307108982562	-1.9016708249396321	-0.00709875898462162	48.300000000000004
115.9248390307014	240.13629414160872	-1.9023845002039204	-0.007197044994441712	48.400000000000006
115.89230143259245	240.0419013032493	-1.903107983106199	-0.007295304201102265	48.5
115.85969524450186	239.9475326407694	-1.9038412716386106	-0.007393535104853799	48.6
115.82701952037502	239.85318841176053	-1.9045843636924606	-0.007491736174836014	48.7
115.79427331415722	239.75886887381418	-1.905337257056131	-0.007589905848711871	48.800000000000004
115.76145567979378	239.66457428452185	-1.9060999494129665	-0.007688042532305039	48.900000000000006
115.72856567123003	239.57030490147497	-1.9068724383391373	-0.007786144599240909	49.0
115.69560234241128	239.47606098226504	-1.9076547213014785	-0.007884210390591263	49.1
115.66256474728287	239.3818427844836	-1.9084467956553013	-0.007982238214522725	49.2
115.6294519397901	239.28765056572212	-1.9092486586421842	-0.008080226345949144	49.300000000000004
115.59626297387832	239.193484583572	-1.9100603073877374	-0.008178173026188073	49.400000000000006
115.56299690349283	239.09934509562484	-1.9108817388993435	-0.008276076462621367	49.5
115.52965278257896	239.00523235947207	-1.9117129500638774	-0.008373934828360201	49.6
115.496229665082	238.9111466327052	-1.9125539376453988	-0.008471746261914482	49.7
115.46272660494733	238.81708817291565	-1.9134046982828248	-0.008569508866866936	49.800000000000004
115.42914265612023	238.72305723769497	-1.9142652284875776	-0.008667220711551928	49.900000000000006
115.39547687254603	238.62905408463467	-1.9151355246412116	-0.008764879828739199	50.0
115.36172830817006	238.53507897132616	-1.9160155829930163	-0.008862484215322708	50.1
115.32789601693763	238.44113215536098	-1.916905399657598	-0.008960031832014579	50.2
115.29397905279407	238.34721389433057	-1.91780497061244	-0.00905752060304454	50.300000000000004
115.2599764696847	238.25332444582642	-1.9187142916954412	-0.009154948415864835	50.400000000000006
115.22588732155484	238.15946406744007	-1.9196333586024323	-0.009252313120860809	50.5
115.19171066234982	238.06563301676297	-1.920562166884674	-0.00934961253106739	50.6
115.15744554601494	237.9718315513866	-1.9215007119463305	-0.009446844421891535	50.7
115.12309102649553	237.87805992890245	-1.9224489890419278	-0.009544006530840905	50.800000000000004
115.08864615773695	237.784318406902	-1.9234069932737872	-0.009641096557258848	50.900000000000006
115.05410999368446	237.69060724297677	-1.924374719589443	-0.00973811216206596	51.0
115.0194818060498	237.59692663987914	-1.92534523437752	-0.009691729231460904	51.1
114.98476182570911	237.50327655881992	-1.926310681265992	-0.009640601718834444	51.2
114.94995054753736	237.40965689452827	-1.9272710534577584	-0.009589484112729377	51.300000000000004
114.91504846641737	237.31606754173143	-1.928226351808951	-0.009538376913559708	51.400000000000006
114.88005607723203	237.2225083951566	-1.929176577208649	-0.009487280610482941	51.5
114.84497387486418	237.12897934953108	-1.9301217305781349	-0.009436195681465621	51.6
114.80980235419672	237.035480299582	-1.931061812870155	-0.009385122593349343	51.7
114.77454201011247	236.94201114003656	-1.9319968250681872	-0.009334061801916968	51.800000000000004
114.73919333749433	236.8485717656221	-1.9329267681857079	-0.009283013751959241	51.900000000000006
114.70375683122515	236.75516207106574	-1.9338516432654669	-0.009231978877341663	52.0
114.6682329861878	236.66178195109475	-1.9347714513787677	-0.009180957601071647	52.1
114.63262229726514	236.5684313004363	-1.9356861936247474	-0.009129950335365957	52.2
114.59692525934003	236.4751100138176	-1.936595871129666	-0.009078957481718374	52.300000000000004
114.56114236729532	236.38181798596597	-1.9375004850461972	-0.009027979430967583	52.400000000000006
114.52527411601392	236.28855511160853	-1.9384000365527247	-0.008977016563365314	52.5
114.48932100037867	236.19532128547257	-1.9392945268526427	-0.00892606924864462	52.6
114.4532835152724	236.10211640228525	-1.9401839571736605	-0.008875137846088404	52.7
114.41716215557803	236.00894035677382	-1.9410683287671127	-0.008824222704598065	52.800000000000004
114.3809574161784	235.9157930436655	-1.9419476429072715	-0.008773324162762329	52.900000000000006
114.34466979195636	235.8226743576875	-1.942821900890667	-0.008722442548926184	53.0
114.30829977779479	235.72958419356706	-1.943691104035409	-0.008671578181259968	53.1
114.27184786857657	235.6365224460314	-1.9445552536805133	-0.008620731367828571	53.2
114.23531455918453	235.54348900980764	-1.9454143511852353	-0.0085699024066607	53.300000000000004
114.19870034450156	235.45048377962314	-1.9462683979284054	-0.008519091585818272	53.400000000000006
114.16200571941052	235.35750665020507	-1.9471173953077692	-0.008468299183465833	53.5
114.12523117879425	235.26455751628063	-1.9479613447393336	-0.008417525467940052	53.6
114.08837721753564	235.17163627257705	-1.9488002476567166	-0.008366770697819298	53.7
114.05144433051755	235.07874281382158	-1.9496341055105002	-0.00831603512199316	53.800000000000004
114.01443301262286	234.98587703474132	-1.9504629197675911	-0.008265318979732091	53.900000000000006
113.9773437587344	234.8930388300637	-1.9512866919105827	-0.008214622500756982	54.0
113.94017706373505	234.80022809451575	-1.9521054234371227	-0.008163945905308743	54.1
113.90293342250767	234.70744472282476	-1.9529191158592862	-0.00811328940421794	54.2
113.86561332993513	234.614688609718	-1.9537277707029523	-0.008062653198974297	54.300000000000004
113.8282172809003	234.5219596499226	-1.9545313895071847	-0.008012037481796254	54.400000000000006
113.79074577028605	234.4292577381658	-1.955329973823618	-0.007961442435700433	54.5
113.75319929297521	234.33658276917487	-1.9561235252158482	-0.007910868234571024	54.6
113.71557834385068	234.243934637677	-1.9569120452588264	-0.007860315043229189	54.7
113.67788341779531	234.15131323839938	-1.9576955355382595	-0.007809783017502294	54.800000000000004
113.64011500969195	234.05871846606925	-1.9584739976500125	-0.007759272304293091	54.900000000000006
113.6022736144235	233.96615021541388	-1.9592474331995182	-0.007708783041648839	55.0
113.5643597268728	233.8736083811604	-1.9600158438011883	-0.007658315358830247	55.1
113.5263738419227	233.78109285803615	-1.9607792310778316	-0.007607869376380378	55.2
113.4883164544561	233.6886035407682	-1.9615375966600752	-0.007557445206193371	55.300000000000004
113.45018805935584	233.5961403240839	-1.9622909421857908	-0.007507042951583067	55.400000000000006
113.41198915150478	233.50370310271038	-1.9630392692995247	-0.007456662707351479	55.5
113.37372022578582	233.4112917713749	-1.9637825796519335	-0.007406304559857109	55.6
113.33538177708176	233.31890622480466	-1.9645208748992227	-0.007355968587083142	55.7
113.29697430027554	233.22654635772693	-1.9652541567025905	-0.007305654858705438	55.800000000000004
113.25849829024996	233.1342120648689	-1.9659824267276773	-0.007255363436160379	55.900000000000006
113.21995424188792	233.04190324095774	-1.9667056866440165	-0.007205094372712526	56.0
113.1813426500723	232.9496197807207	-1.9674239381244922	-0.007154847713522089	56.1
113.14266400968592	232.85736157888505	-1.968137182844801	-0.007104623495712238	56.2
113.10391881561165	232.76512853017798	-1.9688454224829177	-0.0070544217484361646	56.300000000000004
113.06510756273236	232.6729205293267	-1.9695486587185644	-0.007004242492943994	56.400000000000006
113.02623074593096	232.58073747105843	-1.970246893232686	-0.006954085742649439	56.5
112.98728886009026	232.48857925010034	-1.9709401277069287	-0.006903951503196267	56.6
112.94828240009313	232.39644576117973	-1.971628363823123	-0.0068538397725245595	56.7
112.90921186082248	232.3043368990238	-1.972311603262771	-0.006803750540936698	56.800000000000004
112.8700777371611	232.21225255835978	-1.9729898477065386	-0.006753683791163173	56.900000000000006
112.83088052399191	232.12019263391483	-1.9736630988337511	-0.006703639498428105	57.0
112.79162071619777	232.02815702041622	-1.9743313583218935	-0.006653617630514567	57.1
112.75229880866151	231.93614561259113	-1.974994627846116	-0.006603618147829638	57.2
112.71291529626603	231.84415830516687	-1.9756529090787405	-0.006553641003469206	57.300000000000004
112.67347067389419	231.75219499287056	-1.9763062036887762	-0.00650368614328252	57.400000000000006
112.63396543642882	231.66025557042948	-1.9769545133414357	-0.006453753505936501	57.5
112.59440007875281	231.5683399325708	-1.9775978396976563	-0.006403843022979736	57.6
112.55477509574905	231.47644797402177	-1.978236184413626	-0.006353954618906284	57.7
112.51509098230035	231.38457958950963	-1.9788695491403137	-0.006304088211219131	57.800000000000004
112.47534823328964	231.29273467376157	-1.9794979355230018	-0.006254243710493437	57.900000000000006
112.43554734359972	231.2009131215048	-1.980121345200826	-0.006204421020439468	58.0
112.39568880811349	231.10911482746658	-1.980739779806317	-0.006154620037965242	58.1
112.35577312171378	231.01733968637404	-1.9813532409649466	-0.0061048406532389346	58.2
112.31580077928349	230.9255875929545	-1.9819617302946781	-0.006055082749750957	58.300000000000004
112.27577227570549	230.83385844193518	-1.982565249405522	-0.006005346204375753	58.400000000000006
112.23568810586262	230.74215212804324	-1.9831637998990925	-0.005955630887433335	58.5
112.19554876463775	230.65046854600592	-1.983757383368173	-0.005905936662750469	58.6
112.15535474691376	230.55880759055043	-1.9843460013962808	-0.005856263387721634	58.7
112.11510654757348	230.46716915640403	-1.9849296555572384	-0.005806610913369628	58.800000000000004
112.07480466149978	230.3755531382939	-1.9855083474147486	-0.0057569790844059	58.900000000000006
112.03444958357557	230.28395943094725	-1.986082078521973	-0.005707367739290586	59.0
111.99404180868366	230.19238792909135	-1.9866508504211149	-0.005657776710292211	59.1
111.95358183170696	230.10083852745336	-1.9872146646430058	-0.005608205823547131	59.2
111.9130701475283	230.00931112076051	-1.9877735227066964	-0.005558654899118645	59.300000000000004
111.87250725103057	229.91780560374013	-1.9883274261190504	-0.005509123751055793	59.400000000000006
111.83189363709661	229.8263218711193	-1.9888763763743444	-0.005459612187451874	59.5
111.79122980060927	229.73485981762528	-1.989420374953869	-0.005410120010502615	59.6
111.75051623645146	229.6434193379853	-1.9899594233255353	-0.0053606470165640865	59.7
111.70975343950603	229.5520003269266	-1.9904935229434852	-0.005311192996210253	59.800000000000004
111.66894190465584	229.46060267917633	-1.9910226752477056	-0.0052617577342902585	59.900000000000006
111.62808212678374	229.36922628946178	-1.9915468816636457	-0.0052123410099853655	60.0
111.5871746007726	229.2778710525102	-1.992066143601839	-0.00516294259686561	60.1
111.54621982150529	229.1865368630487	-1.992580462457528	-0.005113562262946136	60.2
111.50521828386468	229.09522361580454	-1.993089839610294	-0.005064199770743217	60.300000000000004
111.46417048273364	229.003931205505	-1.9935942764236905	-0.005014854877329969	60.400000000000006
111.42307691299501	228.91265952687723	-1.9940937742448777	-0.004965527334391772	60.5
111.38193806953167	228.82140847464848	-1.9945883344042656	-0.004916216888281325	60.6
111.34075444722647	228.730177943546	-1.995077958215156	-0.004866923280073482	60.7
111.29952654096229	228.63896782829696	-1.9955626469733916	-0.00481764624561969	60.800000000000004
111.25825484562199	228.54777802362855	-1.9960424019570062	-0.004768385515602184	60.900000000000006
111.21693985608844	228.45660842426807	-1.996517224425881	-0.004719140815587837	61.0
111.1755820672445	228.3654589249427	-1.9969871156214027	-0.004669911866081716	61.1
111.13418197397303	228.27432942037967	-1.997452076766126	-0.0046206983825803445	61.2
111.0927400711569	228.18321980530615	-1.9979121090634386	-0.004571500075624647	61.300000000000004
111.05125685367895	228.09212997444945	-1.9983672136972332	-0.0045223166508525856	61.400000000000006
111.00973281642209	228.00105982253672	-1.998817391831578	-0.004473147809051526	61.5
110.96816845426913	227.91000924429522	-1.9992626446103945	-0.004423993246210256	61.6
110.92656426210299	227.81897813445212	-1.999702973157138	-0.00437485265357076	61.7
110.88492073480651	227.7279663877347	-2.000138378574481	-0.004325725717679657	61.800000000000004
110.84323836726253	227.63697389887014	-2.0005688619440005	-0.004276612120439355	61.900000000000006
110.80151765435396	227.54600056258568	-2.0009944243258677	-0.004227511539158926	62.0
110.75975909096363	227.45504627360847	-2.0014150667585455	-0.00417842364660466	62.1
110.7179631719744	227.36411092666586	-2.0018307902584813	-0.004129348111050374	62.2
110.67613039226916	227.27319441648498	-2.002241595819813	-0.004080284596327398	62.300000000000004
110.63426124673077	227.1822966377931	-2.00264748441407	-0.004031232761874285	62.400000000000006
110.59235622228911	227.0914174844633	-2.003048811243401	-0.003994379902751816	62.5
110.55041567734418	227.00055683656646	-2.003447138072554	-0.003966319704573755	62.6
110.50843986624098	226.90971456299914	-2.00384264899704	-0.00393825276252457	62.7
110.46642904033517	226.81889053233704	-2.0042353435699236	-0.00391017919029719	62.800000000000004
110.4243834509823	226.72808461315583	-2.004625221351828	-0.003882099100218557	62.900000000000006
110.382303349538	226.637296674031	-2.005012281910841	-0.003854012603258108	63.0
110.34018898735789	226.54652658353834	-2.005396524822428	-0.0038259198090362895	63.1
110.29804061579758	226.45577421025334	-2.0057779496693375	-0.0037978208258331162	63.2
110.25585848621265	226.36503942275172	-2.0061565560415144	-0.0037697157605967716	63.300000000000004
110.21364284995873	226.27432208960906	-2.006532343536009	-0.0037416047189522453	63.400000000000006
110.17139395839142	226.183622079401	-2.006905311756889	-0.0037134878052100177	63.5
110.12911206286633	226.09293926070322	-2.007275460315152	-0.0036853651223747565	63.6
110.08679741473905	226.00227350209127	-2.0076427888286363	-0.0036572367721540897	63.7
110.04445026536523	225.9116246721408	-2.008007296921937	-0.0036291028549673837	63.800000000000004
110.00207086610044	225.82099263942752	-2.008368984226316	-0.0036009634699545774	63.900000000000006
109.9596594683003	225.73037727252697	-2.0087278503796195	-0.0035728187149850327	64.0
109.91721632332042	225.63977844001477	-2.0090838950261922	-0.003544668686666429	64.10000000000001
109.87474168251642	225.54919601046663	-2.009437117816792	-0.003516513480353711	64.2
109.83223579724387	225.4586298524581	-2.0097875184085074	-0.0034883531901580265	64.3
109.7896989188584	225.36807983456487	-2.0101350964646736	-0.003460187908955731	64.4
109.74713129871564	225.27754582536255	-2.0104798516547895	-0.0034320177283974343	64.5
109.70453318817117	225.18702769342676	-2.0108217836544378	-0.003403842738917017	64.60000000000001
109.66190483858061	225.09652530733314	-2.011160892145201	-0.003375663029740769	64.7
109.61924650129956	225.0060385356573	-2.011497176814583	-0.00334747868889647	64.8
109.57655842768362	224.9155672469749	-2.0118306373559274	-0.0033192898032225497	64.9
109.53384086908842	224.82511130986154	-2.0121612734683394	-0.0032910964583772843	65.0
109.49109407686954	224.73467059289285	-2.012489084856606	-0.0032628987388479726	65.10000000000001
109.44831830238263	224.64424496464449	-2.0128140712311184	-0.003234696727960202	65.2
109.40551379698324	224.55383429369212	-2.0131362323077946	-0.0032064905078870803	65.3
109.36268081202702	224.46343844861124	-2.013455567808001	-0.0031782801596585367	65.4
109.31981959886959	224.37305729797762	-2.013772077458478	-0.003150065763170654	65.5
109.2769304088665	224.2826907103668	-2.014085760991265	-0.003121847397194968	65.60000000000001
109.23401349337341	224.19233855435448	-2.014396618143621	-0.0030936251393878767	65.7
109.19106910374592	224.10200069851624	-2.0147046486579554	-0.0030653990662999953	65.8
109.1480974913396	224.01167701142768	-2.015009852281752	-0.0030371692533855852	65.9
109.10509890751013	223.9213673616645	-2.0153122287674954	-0.003008935775011998	66.0
109.06207360361304	223.8310716178023	-2.015611777872599	-0.002980698704469112	66.10000000000001
109.01902183100397	223.7407896484167	-2.0159084993593344	-0.0029524581139788444	66.2
108.97594384103854	223.65052132208336	-2.016202392994758	-0.0029242140747046293	66.3
108.93283988507235	223.56026650737786	-2.0164934585506424	-0.0028959666567609514	66.4
108.88971021446102	223.47002507287587	-2.0167816958034055	-0.002867715929222911	66.5
108.84655508056011	223.37979688715302	-2.017067104534042	-0.0028394619601357584	66.60000000000001
108.80337473472528	223.28958181878494	-2.0173496845280527	-0.0028112048165245132	66.7
108.76016942831211	223.19937973634728	-2.0176294355753805	-0.002782944564403552	66.8
108.71693941267621	223.10919050841557	-2.01790635747034	-0.002754681268786229	66.9
108.6736849391732	223.0190140035655	-2.0181804500115503	-0.002726414993694554	67.0
108.63040625915869	222.92885009037275	-2.018451713001873	-0.0026981458021688104	67.10000000000001
108.58710362398827	222.8386986374129	-2.0187201462483415	-0.0026698737562772796	67.2
108.54377728501757	222.7485595132616	-2.0189857495621015	-0.002641598917125909	67.3
108.50042749360217	222.65843258649443	-2.019248522758343	-0.002613321344868031	67.4
108.4570545010977	222.5683177256871	-2.0195084656562394	-0.002585041098714123	67.5
108.41365855885975	222.47821479941516	-2.019765578078883	-0.0025567582369415125	67.60000000000001
108.37023991824395	222.3881236762543	-2.020019859853225	-0.0025284728169041866	67.7
108.32679883060591	222.29804422478009	-2.020271310810012	-0.0025001848950425318	67.8
108.28333554730119	222.20797631356822	-2.0205199307837267	-0.002471894526893154	67.9
108.23985031968546	222.1179198111943	-2.020765719612527	-0.0024436017670986907	68.0
108.19634339911428	222.02787458623396	-2.021008677138187	-0.002415306669417606	68.10000000000001
108.15281503694328	221.93784050726282	-2.0212488032060385	-0.002387009286734068	68.2
108.10926548452807	221.8478174428565	-2.021486097664912	-0.002358709671067771	68.3
108.06569499322427	221.75780526159065	-2.0217205603670805	-0.0023304078735838078	68.4
108.02210381438745	221.6678038320409	-2.0219521911682015	-0.0023021039446025618	68.5
107.97849219937322	221.57781302278286	-2.022180989927261	-0.002273797933609574	68.60000000000001
107.93486039953724	221.48783270239215	-2.02240695650652	-0.0022454898892654723	68.7
107.89120866623507	221.3978627394445	-2.0226300907714565	-0.002217179859415861	68.8
107.84753725082233	221.3079030025154	-2.022850392590715	-0.002188867891101261	68.9
107.80384640465464	221.21795336018056	-2.0230678618360494	-0.0021605540305670535	69.0
107.76013637908757	221.1280136810156	-2.023282498382273	-0.00213223832327341	69.10000000000001
107.71640742547679	221.0380838335961	-2.023494302107205	-0.0021039208139052787	69.2
107.67265979517785	220.9481636864978	-2.0237032728916198	-0.0020756015463823272	69.3
107.62889373954638	220.8582531082962	-2.0239094106191957	-0.002047280563868936	69.4
107.58510950993801	220.768351967567	-2.024112715176465	-0.0020189579087842033	69.5
107.5413073577083	220.67846013288585	-2.024313186452764	-0.0019906336228119105	69.60000000000001
107.49748753421291	220.5885774728283	-2.0245108243401866	-0.0019623077469105702	69.7
107.4536502908074	220.4987038559701	-2.0247056287335323	-0.001933980321323414	69.8
107.4097958788474	220.40883915088676	-2.0248975995302616	-0.0019056513855884327	69.9
107.36592454968853	220.31898322615393	-2.0250867366304495	-0.0018773209785484255	70.0
107.32203655468638	220.2291359503473	-2.0252730399367365	-0.001848989138361012	70.10000000000001
107.27813214519655	220.1392971920425	-2.0254565093542873	-0.001820655902508721	70.2
107.23421157257468	220.04946681981514	-2.025637144790742	-0.0017923213078090236	70.3
107.19027508817636	219.95964470224075	-2.0258149461561765	-0.0017639853904244094	70.4
107.14632294335718	219.86983070789512	-2.0259899133630537	-0.0017356481858724765	70.5
107.10235538947278	219.78002470535375	-2.026162046326185	-0.0017073097290359865	70.60000000000001
107.05837267787874	219.6902265631924	-2.0263313449626876	-0.0016789700541729846	70.7
107.01437505993069	219.60043614998656	-2.026497809191942	-0.0016506291949268692	70.8
106.97036278698421	219.510653334312	-2.0266614389355513	-0.001622287184336507	70.9
106.92633611039493	219.42087798474418	-2.0268222341173017	-0.0015939440548463537	71.0
106.88229528151845	219.3311099698589	-2.0269801946631247	-0.0015655998383165431	71.10000000000001
106.8382405517104	219.2413491582317	-2.0271353205010554	-0.00153725456603304	71.2
106.79417217232634	219.1515954184382	-2.027287611561196	-0.0015089082687177353	71.3
106.75009039472191	219.06184861905405	-2.0274370677756806	-0.0014805609765386005	71.4
106.70599547025273	218.97210862865495	-2.027583689078633	-0.0014522127191198284	71.5
106.66188765027441	218.8823753158164	-2.027727475406138	-0.001423863525551953	71.60000000000001
106.61776718614252	218.79264854911412	-2.0278684266962004	-0.0013955134244020319	71.7
106.57363432921267	218.70292819712367	-2.028006542888712	-0.001367162443723769	71.8
106.52948933084049	218.61321412842076	-2.0281418239254205	-0.0013388106110676851	71.9
106.4853324423816	218.523506211581	-2.028274269749891	-0.0013104579534912938	72.0
106.44116391519157	218.43380431517997	-2.0284038803074784	-0.001282104497569241	72.10000000000001
106.39698400062605	218.34410830779336	-2.0285306555452927	-0.001253750269403507	72.2
106.35279295004062	218.25441805799676	-2.0286545954121684	-0.0012253952946335565	72.3
106.30859101479089	218.1647334343658	-2.028775699858635	-0.0011970395984465274	72.4
106.26437844623247	218.07505430547613	-2.0288939688368854	-0.0011686832055874301	72.5
106.22015549572099	217.9853805399034	-2.029009402300749	-0.0011403261403693033	72.60000000000001
106.175922414612	217.89571200622314	-2.0291220002056605	-0.001111968426683437	72.7
106.13167945426117	217.8060485730111	-2.029231762508634	-0.0010836100880095418	72.8
106.08742686602407	217.71639010884286	-2.0293386891682355	-0.0010552511474259544	72.9
106.04316490125635	217.62673648229404	-2.0294427801445565	-0.0010268916276198544	73.0
105.99889381131355	217.53708756194027	-2.0295440353991885	-0.000998531550897436	73.10000000000001
105.95461384755133	217.44744321635721	-2.0296424548951966	-0.0009701709391941487	73.2
105.9103252613253	217.35780331412047	-2.029738038597097	-0.0009418098140848791	73.3
105.86602830399102	217.26816772380565	-2.029830786470832	-0.0009134481967941745	73.4
105.82172322690415	217.17853631398842	-2.029920698483747	-0.0008850861082064696	73.5
105.77741028142027	217.0889089532444	-2.0300077746045693	-0.0008567235688762751	73.60000000000001
105.733089718895	216.99928551014924	-2.030092014803385	-0.0008283605990384294	73.7
105.68876179068396	216.90966585327854	-2.030173419051619	-0.0007999972186182944	73.8
105.6444267481427	216.8200498512079	-2.0302519873220146	-0.0007716334472419889	73.9
105.60008484262691	216.73043737251302	-2.030327719588613	-0.0007432693042466277	74.0
105.55573632549213	216.64082828576946	-2.030400615826735	-0.0007149048086905217	74.10000000000001
105.51138144809401	216.55122245955295	-2.030470676012964	-0.0006865399793634401	74.2
105.46702046178814	216.461619762439	-2.0305379001251262	-0.0006581748347968134	74.3
105.42265361793011	216.37202006300333	-2.0306022881422745	-0.0006298093932739788	74.4
105.37828116787557	216.28242322982152	-2.030663840044673	-0.000601443672840427	74.5
105.3339033629801	216.19282913146918	-2.0307225558137816	-0.0005730776913140125	74.60000000000001
105.28952045459928	216.10323763652204	-2.030778435432239	-0.0005447114662952202	74.7
105.2451326940888	216.01364861355563	-2.030831478883852	-0.0005163450151773795	74.8
105.20074033280419	215.92406193114562	-2.030881686153579	-0.000487978355156915	74.9
105.1563436221011	215.83447745786765	-2.030929057227518	-0.0004596115032436019	75.0
105.1119428133351	215.7448950622973	-2.0309735920928955	-0.00043124447627077884	75.10000000000001
105.06753815786186	215.65531461301026	-2.031015290738055	-0.00040287729090562473	75.2
105.02312990703693	215.5657359785821	-2.031054153152445	-0.00037450996365937547	75.3
104.97871831221592	215.4761590275885	-2.0310901793266094	-0.00034614251089758186	75.4
104.93430362475448	215.38658362860508	-2.0311233692521786	-0.00031777494885036676	75.5
104.88988609600818	215.29700965020746	-2.031153722921861	-0.0002894072936226454	75.60000000000001
104.84546597733264	215.20743696097128	-2.031181240329434	-0.00026103956120440556	75.7
104.80104352008347	215.11786542947215	-2.0312059214697378	-0.00023267176748092673	75.8
104.75661897561629	215.0282949242857	-2.031227766338668	-0.0002043039282430415	75.9
104.71219259528668	214.9387253139876	-2.0312467749331695	-0.00017593605919739697	76.0
104.66776463045026	214.8491564671534	-2.031262947251232	-0.00014756817597667675	76.10000000000001
104.62333533246266	214.7595882523588	-2.031276283291885	-0.00011920029414988255	76.2
104.57890495267945	214.67002053817944	-2.031286783055194	-9.083242923255708e-05	76.3
104.53447374245626	214.5804531931909	-2.031294446542257	-6.24645966970454e-05	76.4
104.49004195314869	214.49088608596884	-2.031299273755202	-3.409681198275949e-05	76.5
104.44560983611233	214.40131908508886	-2.0313012646971855	-5.729090506398821e-06	76.60000000000001
104.40117764270283	214.3117520591266	-2.0313004193723914	2.2638552327766093e-05	76.7
104.35674562427579	214.2221848766577	-2.0312967377860294	5.1006101117675044e-05	76.80000000000001
104.31231403218679	214.13261740625782	-2.0312902199443372	7.937354045319596e-05	76.9
104.26788311779144	214.04304951650255	-2.0312808658545793	0.00010774085490590272	77.0
104.22345313244539	213.95348107596752	-2.03126867552505	0.0001361080290188128	77.10000000000001
104.17902432750418	213.86391195322835	-2.031253648965075	0.0001644750472961265	77.2
104.13459695432347	213.77434201686071	-2.031235786185014	0.00019284189419300539	77.30000000000001
104.09017126425886	213.6847711354402	-2.0312150871962658	0.0002212085541052908	77.4
104.04574750866595	213.59519917754244	-2.0311915520112707	0.0002495750113592853	77.5
104.00132593890034	213.5056260117431	-2.0311651806435163	0.0002779412502014919	77.60000000000001
103.95690680631765	213.41605150661778	-2.031135973107544	0.00030630725478835553	77.7
103.9124903622735	213.3264755307421	-2.031103929418954	0.0003346730091760453	77.80000000000001
103.86807685812347	213.23689795269172	-2.031069049594414	0.00036303849731017626	77.9
103.82366654522316	213.14731864104223	-2.031031333651663	0.0003914037030155944	78.0
103.77925967492823	213.05773746436932	-2.0309907816095265	0.0004197686099861194	78.10000000000001
103.73485649859424	212.96815429124857	-2.030947393487918	0.00044813320177429055	78.2
103.6904572675768	212.87856899025562	-2.0309011693078545	0.00047649746178115573	78.30000000000001
103.64606223323155	212.78898142996607	-2.030852109091464	0.0005048613732459957	78.4
103.60167164691407	212.69939147895565	-2.030800212861999	0.0005332249192361139	78.5
103.55728575997998	212.60979900579989	-2.0307454806438434	0.0005615880826365904	78.60000000000001
103.51290482369336	212.5202038791224	-2.030687937041985	0.0005860511686827758	78.7
103.46852902448265	212.43060600151418	-2.030629469127283	0.0005834830884898755	78.80000000000001
103.42415837020924	212.34100536911754	-2.0305712578722264	0.0005809150451484219	78.9
103.37979283825744	212.25140199404174	-2.0305133032743594	0.000578347038626142	79.0
103.3354324060117	212.16179588839597	-2.0304556053312304	0.0005757790688890439	79.10000000000001
103.29107705085642	212.07218706428952	-2.0303981640403888	0.0005732111359014251	79.2
103.24672675017597	211.98257553383155	-2.030340979399386	0.0005706432396258781	79.30000000000001
103.20238148135475	211.89296130913135	-2.0302840514057765	0.0005680753800233007	79.4
103.15804122177718	211.8033444022981	-2.0302273800571182	0.0005655075570529019	79.5
103.1137059488276	211.713724825441	-2.0301709653509703	0.0005629397706722091	79.60000000000001
103.06937563989044	211.6241025906693	-2.0301148072848965	0.0005603720208370788	79.7
103.02505027235009	211.5344777100923	-2.030058905856462	0.0005578043075017	79.80000000000001
102.98072982359092	211.44485019581916	-2.030003261063236	0.000555236630618606	79.9
102.93641427099736	211.35522005995907	-2.029947872902791	0.0005526689901386788	80.0
102.89210359195378	211.2655873146213	-2.0298927413727017	0.000550101386011158	80.10000000000001
102.84779776384458	211.1759519719151	-2.0298378664705474	0.0005475338181836508	80.2
102.80349676405413	211.0863140439497	-2.0297832481939104	0.0005449662866021342	80.30000000000001
102.75920056996686	210.9966735428343	-2.029728886540377	0.0005423987912109692	80.4
102.71490915896717	210.90703048067806	-2.029674781507537	0.0005398313319529028	80.5
102.67062250843941	210.81738486959034	-2.029620933092984	0.0005372639087690787	80.60000000000001
102.626340595768	210.72773672168026	-2.029567341294316	0.0005346965215990456	80.7
102.58206339833731	210.63808604905708	-2.0295140061091343	0.0005321291703807621	80.80000000000001
102.53779089353176	210.54843286383004	-2.029460927535045	0.0005295618550506068	80.9
102.49352305873575	210.45877717810836	-2.0294081055696584	0.0005269945755433847	81.0
102.44925987133365	210.36911900400128	-2.029355540210589	0.0005244273317923348	81.10000000000001
102.40500130870984	210.279458353618	-2.029303231455456	0.0005218601237291394	81.2
102.36074734824876	210.18979523906776	-2.029251179301883	0.0005192929512839293	81.30000000000001
102.31649796733477	210.10012967245981	-2.0291993837474984	0.0005167258143852937	81.4
102.27225314335229	210.0104616659033	-2.029147844789936	0.0005141587129602863	81.5
102.22801285368564	209.92079123150754	-2.0290965624268327	0.0005115916469344335	81.60000000000001
102.18377707571932	209.8311183813817	-2.0290455366558326	0.0005090246162317427	81.7
102.13954578683766	209.74144312763508	-2.0289947674745834	0.0005064576207747082	81.80000000000001
102.09531896442505	209.65176548237682	-2.028944254880739	0.000503890660484322	81.9
102.0510965858659	209.5620854577162	-2.028893998871957	0.0005013237352800772	82.0
102.0068786285446	209.4724030657624	-2.0288439994459035	0.0004987568450799791	82.10000000000001
101.96266506984556	209.38271831862468	-2.028794256600247	0.0004961899898005522	82.2
101.91845588715314	209.2930312284123	-2.028744770332662	0.0004936231693568458	82.30000000000001
101.87425105785175	209.2033418072344	-2.028695540640831	0.000491056383662445	82.4
101.8300505593258	209.11365006720033	-2.02864656752244	0.0004884896326294755	82.5
101.78585436895963	209.0239560204192	-2.028597850975182	0.00048592291616861164	82.60000000000001
101.74166246413772	208.9342596790003	-2.028549390996755	0.0004833562341890863	82.7
101.69747482224439	208.8445610550528	-2.0285011875848644	0.00048078958659869564	82.80000000000001
101.65329142066405	208.75486016068598	-2.0284532407372207	0.0004782229733038092	82.9
101.6091122367811	208.66515700800906	-2.0284055504515415	0.00047565639420937535	83.0
101.56493724797994	208.57545160913125	-2.0283581167255504	0.00047308984921893025	83.10000000000001
101.52076643164497	208.48574397616179	-2.0283109395569774	0.00047052333823460594	83.2
101.47659976516054	208.39603412120988	-2.0282640189435592	0.0004679568611571363	83.30000000000001
101.43243722591112	208.30632205638477	-2.0282173548830387	0.0004653904178858665	83.4
101.38827879128102	208.2166077937957	-2.0281709473731664	0.00046282400831875934	83.5
101.34412443865467	208.12689134555188	-2.028124796411699	0.0004602576323524032	83.60000000000001
101.29997414541647	208.03717272376252	-2.0280789019964	0.00045769128988202066	83.7
101.2558278889508	207.9474519405369	-2.0280332641250407	0.00045512498080147433	83.80000000000001
101.21168564664208	207.85772900798415	-2.027987882795399	0.0004525587050032764	83.9
101.16754739587468	207.76800393821358	-2.02794275800526	0.00044999246237859485	84.0
101.12341311403297	207.67827674333438	-2.027897889752416	0.0004474262528172611	84.10000000000001
101.0792827785014	207.5885474354558	-2.027853278034667	0.00044486007620777977	84.2
101.03515636666432	207.49881602668708	-2.0278089228498204	0.0004422939324373328	84.30000000000001
100.99103385590614	207.40908252913738	-2.0277648241956907	0.0004397278213917905	84.4
100.94691522361126	207.319346954916	-2.0277209820701008	0.00043716174295571673	84.5
100.90280044716403	207.22960931613213	-2.0276773964708807	0.0004345956970123774	84.60000000000001
100.8586895039489	207.139869624895	-2.027634067395869	0.0004320296834437492	84.7
100.81458237135024	207.05012789331383	-2.0275909948429103	0.00042946370213052456	84.80000000000001
100.77047902675244	206.96038413349785	-2.02754817880986	0.00042689775295212304	84.9
100.72637944753988	206.8706383575563	-2.0275056192945793	0.0004243318357866949	85.0
100.68228361109699	206.7808905775984	-2.027463316294939	0.00042176595051113134	85.10000000000001
100.63819149480814	206.69114080573334	-2.027421269808817	0.00041920009700107183	85.2
100.59410307605772	206.60138905407044	-2.0273794798341003	0.00041663427513091055	85.30000000000001
100.55001833223014	206.51163533471882	-2.0273379463686836	0.00041406848477380597	85.4
100.50593724070977	206.4218796597878	-2.0272966694104713	0.00041150272580168644	85.5
100.46185977888102	206.3321220413865	-2.027255648957375	0.0004089369980852583	85.60000000000001
100.41778592412828	206.24236249162428	-2.027214885007316	0.0004063713014940153	85.7
100.37371565383594	206.15260102261024	-2.027174377558224	0.000403805635896243	85.80000000000001
100.3296489453884	206.0628376464537	-2.0271341266080367	0.0004012400011590303	85.9
100.28558577617005	205.97307237526377	-2.0270941321547022	0.00039867439714827326	86.0
100.2415261235653	205.8833052211498	-2.0270543941961767	0.0003961088237286847	86.10000000000001
100.1974699649585	205.79353619622097	-2.027014912730425	0.00039354328076380245	86.2
100.15341727773406	205.70376531258654	-2.026975687755422	0.0003909777681159949	86.30000000000001
100.1093680392764	205.61399258235565	-2.0269367192691514	0.0003884122856464709	86.4
100.06532222696991	205.52421801763762	-2.026898007269606	0.00038584683321528514	86.5
100.02127981819895	205.43444163054158	-2.0268595517547885	0.0003832814106813472	86.60000000000001
99.97724079034792	205.3446634331769	-2.02682135272271	0.0003807160179024297	86.7
99.93320512080125	205.25488343765267	-2.0267834101713924	0.00037815065473517336	86.80000000000001
99.88917278694329	205.16510165607812	-2.026745724098866	0.0003755853210350983	86.9
99.84514376615847	205.07531810056258	-2.0267082945031722	0.00037302001665660795	87.0
99.80111803583115	204.9855327832152	-2.026671121382361	0.00037045474145299876	87.10000000000001
99.75709557334574	204.89574571614526	-2.0266342047344916	0.0003678894952764682	87.2
99.71307635608663	204.8059569114619	-2.026597544557635	0.0003653242779781204	87.30000000000001
99.66906036143824	204.7161663812744	-2.026561140849871	0.0003627590894079759	87.4
99.6250475667849	204.62637413769207	-2.0265249936092893	0.0003601939294149777	87.5
99.58103794951107	204.53658019282395	-2.0264891028339895	0.0003576287978469992	87.60000000000001
99.53703148700112	204.44678455877943	-2.026453468522083	0.00035506369455085295	87.7
99.49302815663941	204.3569872476676	-2.0264180906716893	0.00035249861937229626	87.80000000000001
99.44902793581038	204.26718827159783	-2.02638296928094	0.0003499335721560412	87.9
99.4050308018984	204.1773876426793	-2.026348104347975	0.0003473685527457596	88.0
99.36103673228789	204.08758537302114	-2.0263134958709474	0.0003448035609840919	88.10000000000001
99.3170457043632	203.99778147473268	-2.0262791438480185	0.00034223859671265625	88.2
99.27305769550874	203.9079759599231	-2.026245048277361	0.00033967365977205304	88.30000000000001
99.22907268310892	203.8181688407017	-2.0262112091571587	0.0003371087500018753	88.4
99.18509064454811	203.72836012917764	-2.0261776264856057	0.000334543867240714	88.5
99.14111155721072	203.63854983746012	-2.0261443002609063	0.0003319790113261673	88.60000000000001
99.09713539848116	203.54873797765842	-2.026111230481277	0.000329414182094848	88.7
99.05316214574377	203.45892456188176	-2.0260784171449444	0.00032684937938238937	88.80000000000001
99.00919177638299	203.36910960223932	-2.0260458602501457	0.00032428460302345624	88.9
98.96522426778319	203.27929311084043	-2.0260135597951296	0.0003217198528517483	89.0
98.92125959732878	203.18947509979418	-2.0259815157781564	0.0003191551287000108	89.10000000000001
98.87729774240412	203.0996555812099	-2.0259497281974967	0.00031659043040004124	89.2
98.83333868039367	203.00983456719678	-2.0259181970514333	0.00031402575778269635	89.30000000000001
98.78938238868176	202.92001206986404	-2.0258869223382594	0.00031146111067790127	89.4
98.74542884465279	202.83018810132094	-2.0258559040562796	0.000308896488914655	89.5
98.70147802569119	202.74036267367666	-2.0258251422038107	0.0003063318923210391	89.60000000000001
98.65752990918132	202.65053579904048	-2.025794636779181	0.00030376732072422635	89.7
98.61358447250758	202.56070748952155	-2.0257643877807285	0.0003012027739504858	89.80000000000001
98.56964169305441	202.4708777572292	-2.025734395206805	0.0002986382518251931	89.9
98.52570154820611	202.38104661427255	-2.0257046590557732	0.0002960737541728361	90.0
98.48176401534712	202.2912140727609	-2.025675179326008	0.0002935092808170224	90.10000000000001
98.43782907186188	202.20138014480344	-2.0256459560158944	0.00029094483158048954	90.2
98.3938966951347	202.1115448425094	-2.025616989123831	0.00028838040628510856	90.30000000000001
98.34996686255006	202.02170817798805	-2.025588278648228	0.00028581600475189537	90.4
98.30603955149228	201.93187016334855	-2.025559824587507	0.00028325162680101576	90.5
98.26211473934578	201.84203081070015	-2.0255316269401016	0.00028068727225179365	90.60000000000001
98.21819240349495	201.75219013215215	-2.025503685704458	0.0002781229409227202	90.7
98.17427252132418	201.66234813981364	-2.025476000879035	0.0002755586326314585	90.80000000000001
98.1303550702179	201.57250484579396	-2.0254485724623015	0.00027299434719485385	90.9
98.08644002756046	201.48266026220227	-2.025421400452741	0.0002704300844289398	91.0
98.04252737073627	201.39281440114783	-2.025394484848848	0.0002678658441489457	91.10000000000001
97.9986170771297	201.30296727473984	-2.0253678256491296	0.0002653016261693057	91.2
97.95470912412517	201.21311889508755	-2.025341422852105	0.0002627374303036645	91.30000000000001
97.91080348910708	201.12326927430018	-2.0253152764563067	0.00026017325636488656	91.4
97.86690014945982	201.033418424487	-2.0252893864602792	0.00025760910416506205	91.5
97.82299908256776	200.94356635775716	-2.025263752862579	0.0002550449735155152	91.60000000000001
97.7791002658153	200.85371308621995	-2.0252383756617762	0.0002524808642268133	91.7
97.73520367658683	200.76385862198453	-2.0252132548564528	0.0002499167761087708	91.80000000000001
97.6913092922668	200.6740029771602	-2.0251883904452037	0.00024735270897046106	91.9
97.64741709023953	200.5841461638561	-2.025163782426637	0.0002447886626202204	92.0
97.60352704788943	200.49428819418156	-2.025139430799373	0.00024222463686565722	92.10000000000001
97.55963914260091	200.4044290802457	-2.025115335562045	0.00023966063151366045	92.2
97.51575335175835	200.31456883415782	-2.025091496713299	0.0002370966463704047	92.30000000000001
97.47186965274616	200.22470746802713	-2.025067914251795	0.00023453268124136068	92.4
97.42798802294872	200.13484499396284	-2.025044588176205	0.0002319687359313003	92.5
97.38410843975043	200.04498142407422	-2.0250215184852136	0.0002294048102443051	92.60000000000001
97.34023088053569	199.9551167704705	-2.0249987051775196	0.0002268409039837752	92.7
97.29635532268887	199.86525104526078	-2.0249761482518345	0.0002242770169524342	92.80000000000001
97.25248174359437	199.77538426055446	-2.0249538477068825	0.0002217131489523394	92.9
97.20861012063662	199.68551642846066	-2.024931803541402	0.00021914929978488737	93.0
97.16474043119993	199.5956475610886	-2.024910015754144	0.0002165854692508221	93.10000000000001
97.1208726526688	199.5057776705476	-2.0248884843438724	0.00021402165715024384	93.2
97.07700676242754	199.41590676894674	-2.0248672093093654	0.00021145786328261411	93.30000000000001
97.03314273786057	199.3260348683954	-2.024846190649414	0.0002088940874467662	93.4
96.98928055635231	199.23616198100274	-2.0248254283628233	0.00020633032944091003	93.5
96.9454201952871	199.14628811887795	-2.02480492244841	0.0002037665890626412	93.60000000000001
96.9015616320494	199.0564132941303	-2.024784672905007	0.00020120286610894906	93.7
96.85770484402354	198.966537518869	-2.024764679731459	0.00019863916037622212	93.80000000000001
96.81384980859394	198.87666080520333	-2.0247449429266244	0.00019607547166025857	93.9
96.76999650314501	198.78678316524244	-2.024725462489376	0.0001935117997562709	94.0
96.7261449050611	198.6969046110956	-2.024706238418599	0.00019094814445889494	94.10000000000001
96.68229499172665	198.607025154872	-2.024687270713194	0.00018838450556219824	94.2
96.63844674052604	198.5171448086809	-2.024668559372074	0.00018582088285968519	94.30000000000001
96.59460012884364	198.42726358463153	-2.024650104394167	0.00018325727614430765	94.4
96.55075513406385	198.3373814948331	-2.0246319057784126	0.00018069368520846966	94.5
96.50691173357109	198.2474985513948	-2.024613963523767	0.0001781301098440361	94.60000000000001
96.46306990474974	198.157614766426	-2.0245962776291986	0.00017556654984234168	94.7
96.41922962498415	198.06773015203575	-2.02457884809369	0.00017300300499419562	94.80000000000001
96.37539087165881	197.97784472033337	-2.024561674916238	0.0001704394750898922	94.9
96.33155362215801	197.88795848342806	-2.024544758095853	0.0001678759599192156	95.0
96.28771785386621	197.79807145342906	-2.0245280976315603	0.00016531245927144897	95.10000000000001
96.24388354416779	197.70818364244556	-2.0245116935223986	0.0001627489729353827	95.2
96.20005067044711	197.61829506258684	-2.02449554576742	0.00016018550069931952	95.30000000000001
96.15621921008862	197.5284057259621	-2.0244796543656927	0.00015762204235108502	95.4
96.11238914047667	197.4385156446806	-2.0244640193162975	0.0001550585976780325	95.5
96.06856043899565	197.3486248308515	-2.024448640618329	0.0001524951664670518	95.60000000000001
96.02473308302997	197.25873329658404	-2.024433518270898	0.00014993174850457796	95.7
95.98090704996403	197.1688410539875	-2.024418652273128	0.00014736834357659582	95.80000000000001
95.93708231718225	197.07894811517113	-2.0244040426241563	0.00014480495146865102	95.9
95.89325886206895	196.98905449224404	-2.0243896893231357	0.00014224157196585465	96.0
95.84943666200857	196.89916019731552	-2.0243755923692337	0.000139678204852892	96.10000000000001
95.80561569438548	196.80926524249483	-2.024361751761631	0.00013711484991403122	96.2
95.7617959365841	196.7193696398911	-2.024348167499523	0.00013455150693312808	96.30000000000001
95.71797736598883	196.6294734016137	-2.0243348395821195	0.00013198817569363698	96.4
95.67415995998402	196.53957653977173	-2.0243217680086456	0.00012942485597861535	96.5
95.6303436959541	196.44967906647446	-2.0243089527783398	0.00012686154757073247	96.60000000000001
95.58652855128345	196.3597809938311	-2.024296393890455	0.00012429825025227838	96.7
95.54271450335646	196.26988233395093	-2.0242840913442604	0.0001217349638051686	96.80000000000001
95.49890152955754	196.17998309894315	-2.0242720451390372	0.00011917168801095442	96.9
95.45508960727108	196.09008330091697	-2.024260255274083	0.00011660842265082836	97.0
95.41127871388144	196.00018295198163	-2.0242487217487097	0.00011404516750563249	97.10000000000001
95.36746882677305	195.9102820642463	-2.024237444562243	0.00011148192235586708	97.2
95.32365992333028	195.82038064982032	-2.024226423714024	0.00010891868698169572	97.30000000000001
95.27985198093756	195.7304787208128	-2.0242156592034086	0.00010635546116295566	97.4
95.23604497697924	195.64057628933307	-2.024205151029767	0.00010379224467916287	97.5
95.19223888883974	195.55067336749028	-2.024194899192484	0.00010122903730952062	97.60000000000001
95.14843369390343	195.4607699673937	-2.0241849036909594	9.866583883292797e-05	97.7
95.10462936955473	195.37086610115253	-2.0241751645246073	9.610264902798531e-05	97.80000000000001
95.06082589317802	195.28096178087603	-2.0241656816928577	9.353946767300408e-05	97.9
95.0170232421577	195.1910570186734	-2.0241564551951536	9.097629454601225e-05	98.0
94.97322139387815	195.10115182665388	-2.024147485030955	8.841312942476277e-05	98.10000000000001
94.92942032572377	195.01124621692665	-2.024138771199735	8.584997208674226e-05	98.2
94.88562001507896	194.921340201601	-2.024130313700982	8.328682230917597e-05	98.30000000000001
94.8418204393281	194.8314337927861	-2.024122112534199	8.072367986903826e-05	98.4
94.7980215758556	194.74152700259123	-2.0241141676989054	7.816054454305741e-05	98.5
94.75422340204585	194.65161984312556	-2.0241064791946335	7.559741610772476e-05	98.60000000000001
94.71042589528322	194.5617123264984	-2.0240990470209312	7.303429433930249e-05	98.7
94.66662903295213	194.47180446481892	-2.024091871177362	7.047117901382965e-05	98.80000000000001
94.62283279243697	194.38189627019634	-2.0240849516635033	6.790806990713154e-05	98.9
94.57903715112212	194.2919877547399	-2.0240782884789486	6.534496679482556e-05	99.0
94.53524208639197	194.20207893055883	-2.024071881623305	6.278186945232942e-05	99.10000000000001
94.49144757563094	194.11216980976232	-2.0240657310961963	6.0218777654869785e-05	99.2
94.4476535962234	194.02226040445967	-2.024059836897259	5.765569117748731e-05	99.30000000000001
94.40386012555376	193.93235072676003	-2.0240541990261467	5.509260979504727e-05	99.4
94.3600671410064	193.8424407887727	-2.0240488174825275	5.252953328224412e-05	99.5
94.31627461996571	193.75253060260687	-2.0240436922660834	4.996646141361064e-05	99.60000000000001
94.27248253981612	193.66262018037173	-2.0240388233765128	4.740339396352601e-05	99.7
94.22869087794196	193.57270953417657	-2.0240342108135287	4.484033070622137e-05	99.80000000000001
94.18489961172767	193.48279867613056	-2.024029854576859	4.2277271415789856e-05	99.9
94.14110871855763	193.39288761834302	-2.0240257546662463	3.9714215866191634e-05	100.0
94.09731817581623	193.30297637292304	-2.0240219110814497	3.715116383126275e-05	100.10000000000001
94.05352796088788	193.21306495197996	-2.0240183238222413	3.45881150847236e-05	100.2
94.00973805115694	193.12315336762296	-2.0240149928884104	3.2025069400183814e-05	100.30000000000001
93.96594842400785	193.03324163196126	-2.02401191827976	2.9462026551152793e-05	100.4
93.92215905682495	192.9433297571041	-2.0240090999961082	2.6898986311045016e-05	100.5
93.87836992699266	192.85341775516068	-2.024006538037289	2.4335948453188027e-05	100.60000000000001
93.83458101189541	192.76350563824028	-2.024004232403151	2.1772912750831474e-05	100.7
93.79079228891753	192.67359341845213	-2.0240021830935584	1.9209878977152224e-05	100.80000000000001
93.74700373544344	192.58368110790536	-2.02400039010839	1.6646846905264427e-05	100.9
93.70321532885754	192.49376871870933	-2.0239988534475395	1.408381630822455e-05	101.0
93.65942704654421	192.40385626297316	-2.0239975731109165	1.1520786959040539e-05	101.10000000000001
93.61563886588783	192.3139437528061	-2.0239965490984457	8.957758630679661e-06	101.2
93.57185076427285	192.2240312003174	-2.0239957814100658	6.394731096074033e-06	101.30000000000001
93.52806271908362	192.13411861761628	-2.023995270045732	3.831704128130726e-06	101.4
93.48427470770454	192.04420601681196	-2.023995015005414	1.2686774997373056e-06	101.5
